=== 1. set/.scene = one root scene per map? ===
  files/dirs: [(295, 294)]
  path==dir/<mapid>.scene: [(0,)]
  .sfl dirs missing this root: [(1,)]
  (name-count bucket): [(('plain', 0), 289), (('plain', 20), 3), (('has .mesh', 20), 3)]
  smallest file len 518
   hex[0x40:0x100] 00 00 00 00 00 00 00 00 0c 00 00 00 6a 75 6c 65 6b 65 6a 69 00 00 00 00 00 00 00 00 00 00 00 00 00 00 00 00 00 00 00 00 00 00 00 00 00 00 00 00 00 00 00 00 00 00 00 00 00 00 00 00 00 00 00 00 00 00 00 00 00 00 00 00 00 00 00 00 01 00 00 00 00 00 00 00 00 3f 00 00 00 c1 ff ff ff 01 00 00 00 53 74 61 74 69 63 53 68 61 64 6f 77 30 5f 31 00 00 00 00 00 00 00 00 00 00 00 00 00 00 00 00 00 00 00 00 00 00 00 00 00 00 00 00 00 00 00 00 00 00 00 00 00 00 00 00 00 00 00 00 00 00 00 00 00 00 00 00 00 00 00 00 00 00 00 00 00 00 00 00 00 00 00 00 00 00 00 00 00 00 00 00 00 00 00 00
   hex[0x100:0x180] 00 00 00 00 00 00 00 00 00 00 00 00 00 00 00 00 00 00 00 00 00 00 00 00 00 00 00 00 00 00 00 00 00 00 00 00 00 00 00 00 00 00 00 00 00 00 00 00 00 00 00 00 00 00 00 00 00 00 00 00 00 00 00 00 00 00 00 00 00 00 00 00 00 00 00 00 00 00 00 00 00 00 00 00 00 00 00 00 00 00 00 00 00 00 00 00 00 00 00 00 00 00 00 00 00 00 00 00 00 00 00 00 00 00 00 00 00 00 00 00 00 00 00 00 00 00 00 00
   hex[-80:] 02 00 00 00 03 00 00 00 04 00 00 00 00 00 00 00 fe ff ff ff 00 00 00 00 ff ff ff ff 01 00 00 00 fe ff ff ff 01 00 00 00 ff ff ff ff 04 00 00 00 00 00 00 00 fe ff ff ff 00 00 00 00 ff ff ff ff 01 00 00 00 fe ff ff ff 01 00 00 00 ff ff ff ff

=== 2. geom <-> mesh content bridge (48B needles) ===
  needles: 99
  mesh files scanned=2000 bytes=101190354  hits=0
  other-class files (400 sampled) containing a geom needle: 0

=== 3. geom blob anatomy ===
  len=109960 u32@16(stream len)=101412 tail=8548
  u32 @20..: [0, 0, 3238151365, 1115684864]  floats@24: (0.0, -8.141789436340332, 64.0, -4.561173439025879, -192.0, -0.11528214812278748)
  floats at L-24: (0.0, -160.0, 0.0, 1.0, 0.0, 96.0)
  u32 at L..: [0, 3273654272, 0, 1065353216, 0, 4, 4244, 0, 0, 100860929]
  tail bytes: 06 06 06 06 06 06 06 06 06 06 06 06 06 06 06 06 06 06 06 06 06 06 06 06 06 06 06 06 06 06 06 06 distinct bytes in b[L:]: [0, 1, 2, 3, 4, 6, 10, 11, 16, 32, 60, 62]
  vertex region zeros: 44450 / 101388
  first 4000 floats: min -192.00 max 96.00
  count of files whose u32@16 equals their own (len - tail)?  12676 geom rows; 6 distinct original sizes
  109960-101412 = 8548  105856-101412 = 4444
  (101412-24)/12 = 8449.0  (101412-24)/28 = 3621.0  (101412-24)/4= 25347

=== 4. NAVF anatomy (25 named) ===
  mobile_maps/w1351_fb_shuilao_003/w1351_fb_shuilao_003.nav len=23660 head=[1180057934, 2, 314, 6012, 6863, 32, 1, 2]  (len-24)/w2=75.3
    hex[24:120] 01 00 00 00 02 00 00 00 03 00 00 00 04 00 00 00 05 00 00 00 14 00 00 00 15 00 00 00 16 00 00 00 17 00 00 00 18 00 00 00 19 00 00 00 1a 00 00 00 21 00 00 00 22 00 00 00 23 00 00 00 24 00 00 00 26 00 00 00 2b 00 00 00 2c 00 00 00 2d 00 00 00 2e 00 00 00 2f 00 00 00 30 00 00 00 3d 00 00 00
    tail32 85 00 00 00 86 00 00 00 87 00 00 00 88 00 00 00 89 00 00 00 34 01 00 00 36 01 00 00 38 01 00 00
    ascii frac 0.12  zeros frac 0.71
  mobile_maps/w1351_fb_wanjiegu_002/w1351_fb_wanjiegu_002.nav len=14568 head=[1180057934, 2, 277, 12824, 3529, 9, 1, 2]  (len-24)/w2=52.5
    hex[24:120] 01 00 00 00 02 00 00 00 03 00 00 00 04 00 00 00 05 00 00 00 06 00 00 00 07 00 00 00 08 00 00 00 09 00 00 00 b7 32 00 00 b4 0d 00 00 08 00 00 00 00 00 00 00 02 00 00 00 03 00 00 00 04 00 00 00 05 00 00 00 06 00 00 00 07 00 00 00 08 00 00 00 3a 33 00 00 40 0d 00 00 07 00 00 00 00 00 00 00
    tail32 12 01 00 00 14 01 00 00 f6 06 00 00 a2 17 00 00 03 00 00 00 11 01 00 00 12 01 00 00 13 01 00 00
    ascii frac 0.10  zeros frac 0.70
  mobile_maps/w1351_fb_xinsanhuan_001/w1351_fb_xinsanhuan_001.nav len=6796 head=[1180057934, 2, 186, 15438, 1779, 2, 1, 2]  (len-24)/w2=36.4
    hex[24:120] 01 00 00 00 02 00 00 00 2e 3c 00 00 4b 04 00 00 03 00 00 00 00 00 00 00 02 00 00 00 03 00 00 00 f3 39 00 00 96 06 00 00 05 00 00 00 00 00 00 00 01 00 00 00 03 00 00 00 04 00 00 00 06 00 00 00 76 39 00 00 63 04 00 00 04 00 00 00 01 00 00 00 02 00 00 00 04 00 00 00 06 00 00 00 53 37 00 00
    tail32 ac 00 00 00 ad 00 00 00 ae 00 00 00 b0 00 00 00 b2 00 00 00 b3 00 00 00 b4 00 00 00 b8 00 00 00
    ascii frac 0.13  zeros frac 0.70

=== 5. mapref body: pointer test ===
  [('small (<4GiB)', 5565), ('other hi=0x1', 1300), ('other hi=0xfffffffe', 1114), ('other hi=0x38', 849), ('null', 288), ('other hi=0xd5098d0', 162), ('other hi=0x2b15bf0', 162), ('other hi=0x16f07610', 162), ('other hi=0x25', 117), ('other hi=0xd8', 111)]
  props count: [(3, 300), (4, 296), (5, 291)]
  word layout: w0=count w1=280 w2=1 ; w3..w6: []
    [5, 280, 1, 1, 1, 3212836864, 0, 0, 191869895, 32762]
    [5, 280, 1, 1, 1, 3212836864, 0, 531, 2289334919, 32758]
    [4, 280, 1, 1, 1, 3212836864, 0, 0, 1002419143, 32763]
