==== JMT1 ====
003cdc4f5a52d054.jmt size=87468
   +00 4a 4d 54 31 44 58 54 31 f3 83 00 00 94 55 01 00  |JMT1DXT1.....U..|
   +10 00 01 00 01 09 00 00 00 00 00 01 00 00 05 00 00  |................|
   +20 00 00 00 00 00 00 00 00 00 00 00 00 00 05 00 00  |................|
   +30 00 00 00 00 00 00 00 00 00 00 00 00 00 05 00 00  |................|
   +40 00 00 00 00 00 00 00 00 00 00 00 00 00 05 00 00  |................|
   ints: 827608394 827611204 33779 87444 16777472 9 65536 1280 0 0 0 1280 0 0 0 1280
0063abb8951e9231.jmt size=16412
   +00 4a 4d 54 31 52 47 42 41 08 19 00 00 04 40 00 00  |JMT1RGBA.....@..|
   +10 40 00 40 00 01 00 00 00 00 40 00 00 00 ff 00 00  |@.@......@......|
   +20 00 ff 00 00 00 ff 00 00 00 ff 00 00 00 ff 00 00  |................|
   +30 00 ff 00 00 00 ff 00 00 00 ff 00 00 00 ff 00 00  |................|
   +40 00 fe 00 00 02 fc 00 00 00 ff 00 00 00 ff 00 00  |................|
   ints: 827608394 1094862674 6408 16388 4194368 1 16384 65280 65280 65280 65280 65280 65280 65280 65280 65280
006511461116195f.jmt size=87468
   +00 4a 4d 54 31 44 58 54 31 f3 83 00 00 94 55 01 00  |JMT1DXT1.....U..|
   +10 00 01 00 01 09 00 00 00 00 00 01 00 e1 f4 68 9b  |..............h.|
   +20 ff fd df ff 40 18 20 10 ff ff ff 7f f0 f5 00 f0  |....@. .........|
   +30 ff ff ff ff 40 18 20 10 5f 57 57 55 f0 f5 00 f0  |....@. ._WWU....|
   +40 ff ff ff ff 40 20 20 10 55 d5 b5 2d f0 f5 00 f0  |....@  .U..-....|
   ints: 827608394 827611204 33779 87444 16777472 9 65536 2607346913 4292869631 270538816 2147483647 4026594800 4294967295 270538816 1431787359 4026594800
==== COPY-ani ====
0009c599cce83b56.bin size=4746
   +00 43 6f 70 79 72 69 67 68 74 20 32 30 31 33 2d 32  |Copyright 2013-2|
   +10 32 30 30 20 68 74 74 70 3a 2f 2f 77 77 77 2e 6a  |200 http://www.j|
   +20 75 6c 65 67 61 6d 65 2e 63 6f 6d 2f 00 00 00 00  |ulegame.com/....|
   +30 00 00 00 00 00 00 00 00 00 00 00 00 00 00 00 00  |................|
   +40 61 6e 69 00 00 00 00 00 02 00 00 00 55 70 67 72  |ani.........Upgr|
   ints: 2037411651 1751607666 808591476 841823025 540028978 1886680168 1999580986 1781430135 1734700149 778399073 795701091 0 0 0 0 0
0012fae4149a4138.bin size=31820
   +00 43 6f 70 79 72 69 67 68 74 20 32 30 31 33 2d 32  |Copyright 2013-2|
   +10 32 30 30 20 68 74 74 70 3a 2f 2f 77 77 77 2e 6a  |200 http://www.j|
   +20 75 6c 65 67 61 6d 65 2e 63 6f 6d 2f 00 00 00 00  |ulegame.com/....|
   +30 00 00 00 00 00 00 00 00 00 00 00 00 00 00 00 00  |................|
   +40 61 6e 69 00 00 00 00 00 02 00 00 00 55 70 67 72  |ani.........Upgr|
   ints: 2037411651 1751607666 808591476 841823025 540028978 1886680168 1999580986 1781430135 1734700149 778399073 795701091 0 0 0 0 0
001c936e8689309e.bin size=79090
   +00 43 6f 70 79 72 69 67 68 74 20 32 30 31 33 2d 32  |Copyright 2013-2|
   +10 32 30 30 20 68 74 74 70 3a 2f 2f 77 77 77 2e 6a  |200 http://www.j|
   +20 75 6c 65 67 61 6d 65 2e 63 6f 6d 2f 00 00 00 00  |ulegame.com/....|
   +30 00 00 00 00 00 00 00 00 00 00 00 00 00 00 00 00  |................|
   +40 61 6e 69 00 00 00 00 00 02 00 00 00 55 70 67 72  |ani.........Upgr|
   ints: 2037411651 1751607666 808591476 841823025 540028978 1886680168 1999580986 1781430135 1734700149 778399073 795701091 0 0 0 0 0
==== COPY-mesh ====
0058df60b3a2af11.bin size=38240
   +00 43 6f 70 79 72 69 67 68 74 20 32 30 31 33 2d 32  |Copyright 2013-2|
   +10 32 30 30 00 00 00 00 00 00 00 00 00 00 00 00 00  |200.............|
   +20 00 00 00 00 00 00 00 00 00 00 00 00 00 00 00 00  |................|
   +30 00 00 00 00 00 00 00 00 00 00 00 00 00 00 00 00  |................|
   +40 6d 65 73 68 00 00 00 00 01 00 00 00 6d 65 73 68  |mesh........mesh|
   ints: 2037411651 1751607666 808591476 841823025 3158066 0 0 0 0 0 0 0 0 0 0 0
00844dc501b31e24.bin size=27640
   +00 43 6f 70 79 72 69 67 68 74 20 32 30 31 33 2d 32  |Copyright 2013-2|
   +10 32 30 30 20 00 00 00 00 00 00 00 00 00 00 00 00  |200 ............|
   +20 00 00 00 00 00 00 00 00 00 00 00 00 00 00 00 00  |................|
   +30 00 00 00 00 00 00 00 00 00 00 00 00 00 00 00 00  |................|
   +40 6d 65 73 68 00 00 00 00 01 00 00 00 6d 65 73 68  |mesh........mesh|
   ints: 2037411651 1751607666 808591476 841823025 540028978 0 0 0 0 0 0 0 0 0 0 0
00a367f654d128dd.bin size=193804
   +00 43 6f 70 79 72 69 67 68 74 20 32 30 31 33 2d 32  |Copyright 2013-2|
   +10 32 30 30 20 00 00 00 00 00 00 00 00 00 00 00 00  |200 ............|
   +20 00 00 00 00 00 00 00 00 00 00 00 00 00 00 00 00  |................|
   +30 00 00 00 00 00 00 00 00 00 00 00 00 00 00 00 00  |................|
   +40 6d 65 73 68 00 00 00 00 00 00 00 00 6d 65 73 68  |mesh........mesh|
   ints: 2037411651 1751607666 808591476 841823025 540028978 0 0 0 0 0 0 0 0 0 0 0
==== JBCF ====
002bb988c484d7c4.bin size=4096
   +00 4a 42 43 46 00 00 00 00 08 00 00 00 f0 0f 00 00  |JBCF............|
   +10 56 00 00 00 2c 0a 00 00 59 00 00 00 02 00 00 00  |V...,...Y.......|
   +20 04 00 00 00 02 00 00 00 82 02 00 00 60 00 04 00  |............`...|
   +30 00 00 00 00 61 00 04 00 01 00 00 00 65 00 00 00  |....a.......e...|
   +40 02 00 00 00 04 00 00 00 0f 00 00 00 87 00 00 00  |................|
   ints: 1178813002 0 8 4080 86 2604 89 2 4 2 642 262240 0 262241 1 101
002dba0d74e4c018.bin size=600
   +00 4a 42 43 46 00 00 00 00 08 00 00 00 48 02 00 00  |JBCF........H...|
   +10 56 00 00 00 cc 01 00 00 64 00 00 00 01 00 00 00  |V.......d.......|
   +20 02 00 00 00 02 00 00 00 6c 00 00 00 b3 00 02 00  |........l.......|
   +30 00 00 00 00 b4 00 00 00 01 00 00 00 02 00 00 00  |................|
   +40 00 00 00 00 00 00 00 00 b5 00 00 00 01 00 00 00  |................|
   ints: 1178813002 0 8 584 86 460 100 1 2 2 108 131251 0 180 1 2
003fe57467130270.bin size=584
   +00 4a 42 43 46 00 00 00 00 08 00 00 00 38 02 00 00  |JBCF........8...|
   +10 56 00 00 00 c4 01 00 00 64 00 00 00 01 00 00 00  |V.......d.......|
   +20 02 00 00 00 02 00 00 00 6a 00 00 00 b3 00 02 00  |........j.......|
   +30 06 00 00 00 b4 00 00 00 01 00 00 00 02 00 00 00  |................|
   +40 00 00 00 00 00 00 00 00 b5 00 00 00 01 00 00 00  |................|
   ints: 1178813002 0 8 568 86 452 100 1 2 2 106 131251 6 180 1 2
==== JBPU ====
003364d28496bdcf.bin size=3760
   +00 4a 42 50 55 28 00 00 00 16 00 00 00 83 68 86 de  |JBPU(........h..|
   +10 05 00 00 00 bd 55 99 6d 06 00 00 00 d2 f1 7f 2c  |.....U.m.......,|
   +20 14 00 00 00 59 92 4c 1d 03 00 00 00 57 36 35 6a  |....Y.L.....W65j|
   +30 09 00 00 00 f7 72 d1 ab 08 00 00 00 11 67 12 8a  |.....r.......g..|
   +40 07 00 00 00 56 71 85 90 0a 00 00 00 5f c4 93 5f  |....Vq......_.._|
   ints: 1431323210 40 22 3733350531 5 1838765501 6 746582482 20 491557465 3 1781872215 9 2882630391 8 2316461841
00399ccbf73bc2b3.bin size=832
   +00 4a 42 50 55 0d 00 00 00 1e 00 00 00 b9 40 10 15  |JBPU.........@..|
   +10 05 00 00 00 7f e6 af 6d 08 00 00 00 42 f7 9d 8e  |.......m....B...|
   +20 14 00 00 00 cf 4e 28 7a 03 00 00 00 57 36 35 6a  |.....N(z....W65j|
   +30 09 00 00 00 f7 72 d1 ab 03 00 00 00 0f 85 35 6a  |.....r........5j|
   +40 0a 00 00 00 5f c4 93 5f 06 00 00 00 d9 7c 31 e1  |...._.._.....|1.|
   ints: 1431323210 13 30 353386681 5 1840244351 8 2392717122 20 2049461967 3 1781872215 9 2882630391 3 1781892367
003d4a0c296a5359.bin size=724
   +00 4a 42 50 55 0f 00 00 00 1c 00 00 00 17 84 49 28  |JBPU..........I(|
   +10 05 00 00 00 7f e6 af 6d 00 00 00 00 05 eb 06 40  |.......m.......@|
   +20 14 00 00 00 5b d7 a7 07 03 00 00 00 57 36 35 6a  |....[.......W65j|
   +30 09 00 00 00 f7 72 d1 ab 03 00 00 00 0f 85 35 6a  |.....r........5j|
   +40 0a 00 00 00 5f c4 93 5f 03 00 00 00 74 b2 35 6a  |...._.._....t.5j|
   ints: 1431323210 15 28 675906583 5 1840244351 0 1074195205 20 128440155 3 1781872215 9 2882630391 3 1781892367
==== GATA ====
005a3498283fdf32.bin size=1112
   +00 47 41 54 41 00 00 00 00 64 61 74 61 2f 74 61 6e  |GATA....data/tan|
   +10 69 2f 62 6f 73 73 5f 74 61 6e 69 5f 64 69 6e 67  |i/boss_tani_ding|
   +20 63 68 75 6e 71 69 75 5f 73 6b 69 6c 6c 30 31 5f  |chunqiu_skill01_|
   +30 73 68 69 66 61 30 31 2e 74 61 6e 69 00 01 00 00  |shifa01.tani....|
   +40 00 00 00 00 00 00 00 00 00 00 00 00 00 00 00 00  |................|
   ints: 1096040775 0 1635017060 1851880495 1868705641 1952412531 1600745057 1735289188 1853188195 1601530225 1818848115 1597059180 1718184051 774975585 1768841588 256
008493fe20500c65.bin size=1904
   +00 47 41 54 41 00 00 00 00 64 61 74 61 2f 74 61 6e  |GATA....data/tan|
   +10 69 2f 75 69 5f 74 61 6e 69 5f 7a 68 75 74 69 79  |i/ui_tani_zhutiy|
   +20 75 65 5f 64 61 79 61 6e 6d 69 7a 61 6e 67 5f 62  |ue_dayanmizang_b|
   +30 61 6f 78 69 61 6e 67 30 31 2e 74 61 6e 69 00 ff  |aoxiang01.tani..|
   +40 00 00 a0 3f 00 00 a0 3f 70 00 00 00 d0 de 30 94  |...?...?p.....0.|
   ints: 1096040775 0 1635017060 1851880495 1769287529 1851880543 1752850281 2036954229 1683973493 1851881825 1635412333 1650419566 1769500513 812084833 1635003953 4278217070
00924007be99a9d6.bin size=7140
   +00 47 41 54 41 00 00 00 00 64 61 74 61 2f 74 61 6e  |GATA....data/tan|
   +10 69 2f 78 78 5f 74 61 6e 69 5f 64 75 63 68 61 6e  |i/xx_tani_duchan|
   +20 67 6f 6e 67 5f 73 68 69 66 61 30 31 2e 74 61 6e  |gong_shifa01.tan|
   +30 69 00 00 00 00 00 00 00 d0 99 69 f8 7c 02 00 00  |i.........i.|...|
   +40 00 00 00 00 00 00 00 00 00 00 00 00 00 00 00 00  |................|
   ints: 1096040775 0 1635017060 1851880495 2021142377 1851880543 1969512297 1851877475 1735290727 1768452959 825254246 1851880494 105 0 4167670224 636
==== NAVF ====
00d722abf9bf3293.bin size=83160
   +00 4e 41 56 46 02 00 00 00 9b 04 00 00 67 07 00 00  |NAVF........g...|
   +10 c2 04 00 00 12 00 00 00 01 00 00 00 02 00 00 00  |................|
   +20 03 00 00 00 04 00 00 00 05 00 00 00 06 00 00 00  |................|
   +30 07 00 00 00 08 00 00 00 0d 00 00 00 0e 00 00 00  |................|
   +40 0f 00 00 00 10 00 00 00 15 00 00 00 18 00 00 00  |................|
   ints: 1180057934 2 1179 1895 1218 18 1 2 3 4 5 6 7 8 13 14
04a238a9f9045ca4.bin size=2352
   +00 4e 41 56 46 02 00 00 00 25 00 00 00 3b 03 00 00  |NAVF....%...;...|
   +10 80 07 00 00 0a 00 00 00 01 00 00 00 02 00 00 00  |................|
   +20 03 00 00 00 0d 00 00 00 0e 00 00 00 13 00 00 00  |................|
   +30 14 00 00 00 19 00 00 00 1a 00 00 00 1f 00 00 00  |................|
   +40 fa 03 00 00 86 07 00 00 0c 00 00 00 00 00 00 00  |................|
   ints: 1180057934 2 37 827 1920 10 1 2 3 13 14 19 20 25 26 31
0520c36bf49a6e9d.bin size=5488
   +00 4e 41 56 46 02 00 00 00 8b 00 00 00 62 0d 00 00  |NAVF........b...|
   +10 e0 05 00 00 01 00 00 00 01 00 00 00 5f 10 00 00  |............_...|
   +20 cf 05 00 00 02 00 00 00 00 00 00 00 02 00 00 00  |................|
   +30 a9 13 00 00 d9 05 00 00 05 00 00 00 01 00 00 00  |................|
   +40 03 00 00 00 04 00 00 00 07 00 00 00 08 00 00 00  |................|
   ints: 1180057934 2 139 3426 1504 1 1 4191 1487 2 0 2 5033 1497 5 1
==== raw-geom ====
00e23ea17de8af91.bin size=109960
   +00 00 00 00 00 01 00 00 00 04 00 00 00 02 00 00 00  |................|
   +10 24 8c 01 00 00 00 00 00 b6 f0 3b 42 00 00 6a be  |$.........;B..j.|
   +20 00 00 90 43 72 83 15 42 00 00 00 c2 32 6a 18 3f  |...Cr..B....2j.?|
   +30 71 d0 56 3e 82 8c 46 bf 00 40 90 43 11 86 0f 42  |q.V>..F..@.C...B|
   +40 00 00 00 c2 13 d6 20 3f 38 84 4a 3e 03 a0 40 bf  |...... ?8.J>..@.|
   ints: 0 1 4 2 101412 0 1111224502 3194617856 1133510656 1108706162 3254779904 1058564658 1045876849 3209071746 1133527040 1108313617
00e2f06a857ff7a7.bin size=109960
   +00 00 00 00 00 01 00 00 00 04 00 00 00 02 00 00 00  |................|
   +10 24 8c 01 00 00 00 00 00 97 3a 21 42 dc 15 0b 40  |$........:!B...@|
   +20 00 00 80 43 45 98 4c 41 00 00 90 c3 e3 97 6e 3d  |...CE.LA......n=|
   +30 ef a9 43 3f ea 67 24 bf 00 40 80 43 9d b6 4b 41  |..C?.g$..@.C..KA|
   +40 00 00 90 c3 42 d9 d6 3d c6 bd 3c 3f e9 da 2a bf  |....B..=..<?..*.|
   ints: 0 1 4 2 101412 0 1109473943 1074468316 1132462080 1095538757 3280994304 1030658019 1061399023 3206834154 1132478464 1095480989
0183a06bfbd3aa34.bin size=109960
   +00 00 00 00 00 01 00 00 00 04 00 00 00 02 00 00 00  |................|
   +10 24 8c 01 00 00 00 00 00 f6 1e 54 42 d0 4e 8d 40  |$.........TB.N.@|
   +20 00 00 20 43 aa 3f 4e 42 00 00 80 c3 c4 f4 0d bf  |.. C.?NB........|
   +30 f4 0d 53 3f 08 ed e7 bd 00 80 20 43 35 8e 4f 42  |..S?...... C5.OB|
   +40 00 00 80 c3 03 30 06 bf f9 c3 56 3f 8e f5 15 be  |.....0....V?....|
   ints: 0 1 4 2 101412 0 1112809206 1083002576 1126170624 1112424362 3279945728 3205362884 1062407668 3186093320 1126203392 1112510005
