  000000  01 00 00 00 14 00 00 00 15 00 00 00 98 00 00 00  ................
  000010  98 a9 1a 00 bb 00 00 00 b8 ef 1a 00 00 00 00 00  ................
  000020  00 00 00 00 80 2a 50 04 cc 01 00 00 a0 06 3d 01  .....*P.......=.
  000030  cc 01 00 00 10 94 de 27 cc 01 00 00 40 f0 3e 01  .......'....@.>.
  000040  cc 01 00 00 40 f0 3e 01 cc 01 00 00 05 00 00 00  ....@.>.........
  000050  00 00 00 00 f9 a7 4f d7 23 00 00 00 10 6f 87 b9  ......O.#....o..
  000060  fe 7f 00 00 40 f0 3e 01 cc 01 00 00 09 00 00 00  ....@.>.........
  000070  00 00 00 00 a0 9e 0f c1 fe 7f 00 00 00 00 00 00  ................
  000080  23 00 00 00 00 00 00 00 00 00 00 00 ca 06 77 c0  #.............w.
  000090  fe 7f 00 00 00 00 00 00 00 05 08 00 00 05 08 00  ................
  0000a0  00 05 08 00 00 05 08 00 00 05 08 00 00 05 08 00  ................
  0000b0  00 05 08 00 00 05 08 00 00 05 08 00 00 05 08 00  ................
  0000c0  00 05 08 00 00 05 08 00 00 05 08 00 00 05 08 00  ................
  0000d0  00 05 08 00 00 05 08 00 00 05 08 00 00 05 08 00  ................
  0000e0  00 05 08 00 00 05 08 00 00 05 08 00 00 05 08 00  ................
  0000f0  00 05 08 00 00 05 08 00 00 05 08 00 00 05 08 00  ................
  000100  00 05 08 00 00 05 08 00 00 05 08 00 00 05 08 00  ................
  000110  00 05 08 00 00 05 08 00 00 05 08 00 00 05 08 00  ................
  000120  00 05 08 00 00 05 08 00 00 05 08 00 00 05 08 00  ................
  000130  00 05 08 00 00 05 08 00 00 05 08 00 00 05 08 00  ................
  000140  00 05 08 00 00 05 08 00 00 05 08 00 00 05 08 00  ................
  000150  00 05 08 00 00 05 08 00 00 05 08 00 00 05 08 00  ................
  000160  00 05 08 00 00 05 08 00 00 05 08 00 00 05 08 00  ................
  000170  00 05 08 00 00 05 08 00 00 05 08 00 00 05 08 00  ................
  000180  00 05 08 00 00 05 08 00 00 05 08 00 00 05 08 00  ................
  000190  00 05 08 00 00 05 08 00 00 05 08 00 00 05 08 00  ................
  0001a0  00 05 08 00 00 05 08 00 00 05 08 00 00 05 08 00  ................
  0001b0  00 05 08 00 00 05 08 00 00 05 08 00 00 05 08 00  ................
  0001c0  00 05 08 00 00 05 08 00 00 05 08 00 00 05 08 00  ................
  0001d0  00 05 08 00 00 05 08 00 00 05 08 00 00 05 08 00  ................
  0001e0  00 05 08 00 00 05 08 00 00 05 08 00 00 05 08 00  ................
  0001f0  00 05 08 00 00 05 08 00 00 05 08 00 00 05 08 00  ................
  000200  00 05 08 00 00 05 08 00 00 05 08 00 00 05 08 00  ................
  000210  00 05 08 00 00 05 08 00 00 05 08 00 00 05 08 00  ................
  000220  00 05 08 00 00 05 08 00 00 05 08 00 00 05 08 00  ................
  000230  00 05 08 00 00 05 08 00 00 05 08 00 00 05 08 00  ................
  000240  00 05 08 00 00 05 08 00 00 05 08 00 00 05 08 00  ................
  000250  00 05 08 00 00 05 08 00 00 05 08 00 00 05 08 00  ................
  000260  00 05 08 00 00 05 08 00 00 05 08 00 00 05 08 00  ................
  000270  00 05 08 00 00 05 08 00 00 05 08 00 00 05 08 00  ................
  000280  00 05 08 00 00 05 08 00 00 05 08 00 00 05 08 00  ................
  000290  00 05 08 00 00 05 08 00 00 05 08 00 00 05 08 00  ................
  0002a0  00 05 08 00 00 05 08 00 00 05 08 00 00 05 08 00  ................
  0002b0  00 05 08 00 00 05 08 00 00 05 08 00 00 05 08 00  ................
  0002c0  00 05 08 00 00 05 08 00 00 05 08 00 00 05 08 00  ................
  0002d0  00 05 08 00 00 05 08 00 00 05 08 00 00 05 08 00  ................
  0002e0  00 05 08 00 00 05 08 00 00 05 08 00 00 05 08 00  ................
  0002f0  00 05 08 00 00 05 08 00 00 05 08 00 00 05 08 00  ................
  000300  00 05 08 00 00 05 08 00 00 05 08 00 00 05 08 00  ................
  000310  00 05 08 00 00 05 08 00 00 05 08 00 00 05 08 00  ................
  000320  00 05 08 00 00 05 08 00 00 05 08 00 00 05 08 00  ................
  000330  00 05 08 00 00 05 08 00 00 05 08 00 00 05 08 00  ................
  000340  00 05 08 00 00 05 08 00 00 05 08 00 00 05 08 00  ................
  000350  00 05 08 00 00 05 08 00 00 05 08 00 00 05 08 00  ................
  000360  00 05 08 00 00 05 08 00 00 05 08 00 00 05 08 00  ................
  000370  00 05 08 00 00 05 08 00 00 05 08 00 00 05 08 00  ................
  000380  00 05 08 00 00 05 08 00 00 05 08 00 00 05 08 00  ................
  000390  00 05 08 00 00 05 08 00 00 05 08 00 00 05 08 00  ................
  0003a0  00 05 08 00 00 05 08 00 00 05 08 00 00 05 08 00  ................
  0003b0  00 05 08 00 00 05 08 00 00 05 08 00 00 05 08 00  ................
  0003c0  00 05 08 00 00 05 08 00 00 05 08 00 00 05 08 00  ................
  0003d0  00 05 08 00 00 05 08 00 00 05 08 00 00 05 08 00  ................
  0003e0  00 05 08 00 00 05 08 00 00 05 08 00 00 05 08 00  ................
  0003f0  00 05 08 00 00 05 08 00 00 05 08 00 00 05 08 00  ................
  000400  00 05 08 00 00 05 08 00 00 05 08 00 00 05 08 00  ................
  000410  00 05 08 00 00 05 08 00 00 05 08 00 00 05 08 00  ................
  000420  00 05 08 00 00 05 08 00 00 05 08 00 00 05 08 00  ................
  000430  00 05 08 00 00 05 08 00 00 05 08 00 00 05 08 00  ................
  000440  00 05 08 00 00 05 08 00 00 05 08 00 00 05 08 00  ................
  000450  00 05 08 00 00 05 08 00 00 05 08 00 00 05 08 00  ................
  000460  00 05 08 00 00 05 08 00 00 05 08 00 00 05 08 00  ................
  000470  00 05 08 00 00 05 08 00 00 05 08 00 00 05 08 00  ................
  000480  00 05 08 00 00 05 08 00 00 05 08 00 00 05 08 00  ................
  000490  00 05 08 00 00 05 08 00 00 05 08 00 00 05 08 00  ................
  0004a0  00 05 08 00 00 05 08 00 00 05 08 00 00 05 08 00  ................
  0004b0  00 05 08 00 00 05 08 00 00 05 08 00 00 05 08 00  ................
  0004c0  00 05 08 00 00 05 08 00 00 05 08 00 00 05 08 00  ................
  0004d0  00 05 08 00 00 05 08 00 00 05 08 00 00 05 08 00  ................
  0004e0  00 05 08 00 00 05 08 00 00 05 08 00 00 05 08 00  ................
  0004f0  00 05 08 00 00 05 08 00 00 05 08 00 00 05 08 00  ................
  000500  00 05 08 00 00 05 08 00 00 05 08 00 00 05 08 00  ................
  000510  00 05 08 00 00 05 08 00 00 05 08 00 00 05 08 00  ................
  000520  00 05 08 00 00 05 08 00 00 05 08 00 00 05 08 00  ................
  000530  00 05 08 00 00 05 08 00 00 05 08 00 00 05 08 00  ................
  000540  00 05 08 00 00 05 08 00 00 05 08 00 00 05 08 00  ................
  000550  00 05 08 00 00 05 08 00 00 05 08 00 00 05 08 00  ................
  000560  00 05 08 00 00 05 08 00 00 05 08 00 00 05 08 00  ................
  000570  00 05 08 00 00 05 08 00 00 05 08 00 00 05 08 00  ................
  000580  00 05 08 00 00 05 08 00 00 05 08 00 00 05 08 00  ................
  000590  00 05 08 00 00 05 08 00 00 05 08 00 00 05 08 00  ................
  0005a0  00 05 08 00 00 05 08 00 00 05 08 00 00 05 08 00  ................
  0005b0  00 05 08 00 00 05 08 00 00 05 08 00 00 05 08 00  ................
  0005c0  00 05 08 00 00 05 08 00 00 05 08 00 00 05 08 00  ................
  0005d0  00 05 08 00 00 05 08 00 00 05 08 00 00 05 08 00  ................
  0005e0  00 05 08 00 00 05 08 00 00 05 08 00 00 05 08 00  ................
  0005f0  00 05 08 00 00 05 08 00 00 05 08 00 00 05 08 00  ................
  000600  00 05 08 00 00 05 08 00 00 05 08 00 00 05 08 00  ................
  000610  00 05 08 00 00 05 08 00 00 05 08 00 00 05 08 00  ................
  000620  00 05 08 00 00 05 08 00 00 05 08 00 00 05 08 00  ................
  000630  00 05 08 00 00 05 08 00 00 05 08 00 00 05 08 00  ................
  000640  00 05 08 00 00 05 08 00 00 05 08 00 00 05 08 00  ................
  000650  00 05 08 00 00 05 08 00 00 05 08 00 00 05 08 00  ................
  000660  00 05 08 00 00 05 08 00 00 05 08 00 00 05 08 00  ................
  000670  00 05 08 00 00 05 08 00 00 05 08 00 00 05 08 00  ................
  000680  00 05 08 00 00 05 08 00 00 05 08 00 00 05 08 00  ................
  000690  00 05 08 00 00 05 08 00 00 05 08 00 00 05 08 00  ................
  0006a0  00 05 08 00 00 05 08 00 00 05 08 00 00 05 08 00  ................
  0006b0  00 05 08 00 00 05 08 00 00 05 08 00 00 05 08 00  ................
  0006c0  00 05 08 00 00 05 08 00 00 05 08 00 00 05 08 00  ................
  0006d0  00 05 08 00 00 05 08 00 00 05 08 00 00 05 08 00  ................
  0006e0  00 05 08 00 00 05 08 00 00 05 08 00 00 05 08 00  ................
  0006f0  00 05 08 00 00 05 08 00 00 05 08 00 00 05 08 00  ................
  000700  00 05 08 00 00 05 08 00 00 05 08 00 00 05 08 00  ................
  000710  00 05 08 00 00 05 08 00 00 05 08 00 00 05 08 00  ................
  000720  00 05 08 00 00 05 08 00 00 05 08 00 00 05 08 00  ................
  000730  00 05 08 00 00 05 08 00 00 05 08 00 00 05 08 00  ................
  000740  00 05 08 00 00 05 08 00 00 05 08 00 00 05 08 00  ................
  000750  00 05 08 00 00 05 08 00 00 05 08 00 00 05 08 00  ................
  000760  00 05 08 00 00 05 08 00 00 05 08 00 00 05 08 00  ................
  000770  00 05 08 00 00 05 08 00 00 05 08 00 00 05 08 00  ................
  000780  00 05 08 00 00 05 08 00 00 05 08 00 00 05 08 00  ................
  000790  00 05 08 00 00 05 08 00 00 05 08 00 00 05 08 00  ................
  0007a0  00 05 08 00 00 05 08 00 00 05 08 00 00 05 08 00  ................
  0007b0  00 05 08 00 00 05 08 00 00 05 08 00 00 05 08 00  ................
  0007c0  00 05 08 00 00 05 08 00 00 05 08 00 00 05 08 00  ................
  0007d0  00 05 08 00 00 05 08 00 00 05 08 00 00 05 08 00  ................
  0007e0  00 05 08 00 00 05 08 00 00 05 08 00 00 05 08 00  ................
  0007f0  00 05 08 00 00 05 08 00 00 05 08 00 00 05 08 00  ................
  000800  00 05 08 00 00 05 08 00 00 05 08 00 00 05 08 00  ................
  000810  00 05 08 00 00 05 08 00 00 05 08 00 00 05 08 00  ................
  000820  00 05 08 00 00 05 08 00 00 05 08 00 00 05 08 00  ................
  000830  00 05 08 00 00 05 08 00 00 05 08 00 00 05 08 00  ................
  000840  00 05 08 00 00 05 08 00 00 05 08 00 00 05 08 00  ................
  000850  00 05 08 00 00 05 08 00 00 05 08 00 00 05 08 00  ................
  000860  00 05 08 00 00 05 08 00 00 05 08 00 00 05 08 00  ................
  000870  00 05 08 00 00 05 08 00 00 05 08 00 00 05 08 00  ................
  000880  00 05 08 00 00 05 08 00 00 05 08 00 00 05 08 00  ................
  000890  00 05 08 00 00 05 08 00 00 05 08 00 00 05 08 00  ................
  0008a0  00 05 08 00 00 05 08 00 00 05 08 00 00 05 08 00  ................
  0008b0  00 05 08 00 00 05 08 00 00 05 08 00 00 05 08 00  ................
  0008c0  00 05 08 00 00 05 08 00 00 05 08 00 00 05 08 00  ................
  0008d0  00 05 08 00 00 05 08 00 00 05 08 00 00 05 08 00  ................
  0008e0  00 05 08 00 00 05 08 00 00 05 08 00 00 05 08 00  ................
  0008f0  00 05 08 00 00 05 08 00 00 05 08 00 00 05 08 00  ................
  000900  00 05 08 00 00 05 08 00 00 05 08 00 00 05 08 00  ................
  000910  00 05 08 00 00 05 08 00 00 05 08 00 00 05 08 00  ................
  000920  00 05 08 00 00 05 08 00 00 05 08 00 00 05 08 00  ................
  000930  00 05 08 00 00 05 08 00 00 05 08 00 00 05 08 00  ................
  000940  00 05 08 00 00 05 08 00 00 05 08 00 00 05 08 00  ................
  000950  00 05 08 00 00 05 08 00 00 05 08 00 00 05 08 00  ................
  000960  00 05 08 00 00 05 08 00 00 05 08 00 00 05 08 00  ................
  000970  00 05 08 00 00 05 08 00 00 05 08 00 00 05 08 00  ................
  000980  00 05 08 00 00 05 08 00 00 05 08 00 00 05 08 00  ................
  000990  00 05 08 00 00 05 08 00 00 05 08 00 00 05 08 00  ................
  0009a0  00 05 08 00 00 05 08 00 00 05 08 00 00 05 08 00  ................
  0009b0  00 05 08 00 00 05 08 00 00 05 08 00 00 05 08 00  ................
  0009c0  00 05 08 00 00 05 08 00 00 05 08 00 00 05 08 00  ................
  0009d0  00 05 08 00 00 05 08 00 00 05 08 00 00 05 08 00  ................
  0009e0  00 05 08 00 00 05 08 00 00 05 08 00 00 05 08 00  ................
  0009f0  00 05 08 00 00 05 08 00 00 05 08 00 00 05 08 00  ................
  000a00  00 05 08 00 00 05 08 00 00 05 08 00 00 05 08 00  ................
  000a10  00 05 08 00 00 05 08 00 00 05 08 00 00 05 08 00  ................
  000a20  00 05 08 00 00 05 08 00 00 05 08 00 00 05 08 00  ................
  000a30  00 05 08 00 00 05 08 00 00 05 08 00 00 05 08 00  ................
  000a40  00 05 08 00 00 05 08 00 00 05 08 00 00 05 08 00  ................
  000a50  00 05 08 00 00 05 08 00 00 05 08 00 00 05 08 00  ................
  000a60  00 05 08 00 00 05 08 00 00 05 08 00 00 05 08 00  ................
  000a70  00 05 08 00 00 05 08 00 00 05 08 00 00 05 08 00  ................
  000a80  00 05 08 00 00 05 08 00 00 05 08 00 00 05 08 00  ................
  000a90  00 05 08 00 00 05 08 00 00 05 08 00 00 05 08 00  ................
  000aa0  00 05 08 00 00 05 08 00 00 05 08 00 00 05 08 00  ................
  000ab0  00 05 08 00 00 05 08 00 00 05 08 00 00 05 08 00  ................
  000ac0  00 05 08 00 00 05 08 00 00 05 08 00 00 05 08 00  ................
  000ad0  00 05 08 00 00 05 08 00 00 05 08 00 00 05 08 00  ................
  000ae0  00 05 08 00 00 05 08 00 00 05 08 00 00 05 08 00  ................
  000af0  00 05 08 00 00 05 08 00 00 05 08 00 00 05 08 00  ................
  000b00  00 05 08 00 00 05 08 00 00 05 08 00 00 05 08 00  ................
  000b10  00 05 08 00 00 05 08 00 00 05 08 00 00 05 08 00  ................
  000b20  00 05 08 00 00 05 08 00 00 05 08 00 00 05 08 00  ................
  000b30  00 05 08 00 00 05 08 00 00 05 08 00 00 05 08 00  ................
  000b40  00 05 08 00 00 05 08 00 00 05 08 00 00 05 08 00  ................
  000b50  00 05 08 00 00 05 08 00 00 05 08 00 00 05 08 00  ................
  000b60  00 05 08 00 00 05 08 00 00 05 08 00 00 05 08 00  ................
  000b70  00 05 08 00 00 05 08 00 00 05 08 00 00 05 08 00  ................
  000b80  00 05 08 00 00 05 08 00 00 05 08 00 00 05 08 00  ................
  000b90  00 05 08 00 00 05 08 00 00 05 08 00 00 05 08 00  ................
  000ba0  00 05 08 00 00 05 08 00 00 05 08 00 00 05 08 00  ................
  000bb0  00 05 08 00 00 05 08 00 00 05 08 00 00 05 08 00  ................
  000bc0  00 05 08 00 00 05 08 00 00 05 08 00 00 05 08 00  ................
  000bd0  00 05 08 00 00 05 08 00 00 05 08 00 00 05 08 00  ................
  000be0  00 05 08 00 00 05 08 00 00 05 08 00 00 05 08 00  ................
  000bf0  00 05 08 00 00 05 08 00 00 05 08 00 00 05 08 00  ................
