=== w1351_pets_bingcan_b2.mdl (rc=0) ===
════════════════════════════════════════════════════════════════
资源：w1351_pets_bingcan_b2.mdl
  hash       0056b8cc3fae2472
  类型       JBCF .mdl
  路径       data/source/npc/quest/w1351_pets_bingcan_b0/w1351_pets_bingcan_b2.mdl
  存储       data3 @ 0x18d93a90, 376 字节
  定位       名字 w1351_pets_bingcan_b2.mdl
════════════════════════════════════════════════════════════════

已取出 376 字节（加密）

── 前 256 字节 ──
  000000  4a 42 43 46 00 00 00 00 08 00 00 00 68 01 00 00  JBCF........h...
  000010  56 00 00 00 80 00 00 00 58 00 00 00 02 00 00 00  V.......X.......
  000020  04 00 00 00 02 00 00 00 17 00 00 00 60 00 04 00  ............`...
  000030  00 00 00 00 61 00 04 00 01 00 00 00 62 00 00 00  ....a.......b...
  000040  00 00 00 00 00 00 00 00 01 00 00 00 0b 00 00 00  ................
  000050  63 00 00 00 03 00 00 00 06 00 00 00 00 00 00 00  c...............
  000060  00 00 00 00 7e 00 04 00 02 00 00 00 60 00 04 00  ....~.......`...
  000070  03 00 00 00 64 00 04 00 04 00 00 00 65 00 00 00  ....d.......e...
  000080  01 00 00 00 02 00 00 00 00 00 00 00 00 00 00 00  ................
  000090  66 00 04 00 05 00 00 00 55 00 00 00 d4 00 00 00  f.......U.......
  0000a0  00 00 00 00 06 00 00 00 15 00 00 00 29 02 19 90  ............)...
  0000b0  2c 00 00 00 2a d7 e8 25 0c 00 00 00 8a f0 5f 46  ,...*..%......_F
  0000c0  1a 00 00 00 59 e3 13 46 19 00 00 00 f6 37 1f d0  ....Y..F.....7..
  0000d0  19 00 00 00 9a 7e f9 2b 77 31 33 35 31 5f 70 65  .....~.+w1351_pe
  0000e0  74 73 5f 62 69 6e 67 63 61 6e 5f 62 32 64 61 74  ts_bingcan_b2dat
  0000f0  61 2f 73 6f 75 72 63 65 2f 6e 70 63 2f 71 75 65  a/source/npc/que
识别为：未知

（Unknown 暂无专用预览器）
  前 16 字节  4a 42 43 46 00 00 00 00 08 00 00 00 68 01 00 00 
  头部可打印 JBCF........h...

stderr:

=== w1351_npc_biaoche3.mdl (rc=0) ===
════════════════════════════════════════════════════════════════
资源：w1351_npc_biaoche3.mdl
  hash       0037196c462a5bcf
  类型       JBCF .mdl
  路径       data/source/npc/quest/w1351_npc_biaoche3/w1351_npc_biaoche3.mdl
  存储       data3 @ 0x12bef910, 4728 字节
  定位       名字 w1351_npc_biaoche3.mdl
════════════════════════════════════════════════════════════════

已取出 4728 字节（加密）

── 前 256 字节 ──
  000000  4a 42 43 46 00 00 00 00 08 00 00 00 68 12 00 00  JBCF........h...
  000010  56 00 00 00 60 0d 00 00 58 00 00 00 02 00 00 00  V...`...X.......
  000020  04 00 00 00 05 00 00 00 4f 03 00 00 60 00 04 00  ........O...`...
  000030  00 00 00 00 61 00 04 00 01 00 00 00 65 00 00 00  ....a.......e...
  000040  01 00 00 00 02 00 00 00 00 00 00 00 00 00 00 00  ................
  000050  66 00 04 00 02 00 00 00 6b 00 00 00 00 00 00 00  f.......k.......
  000060  00 00 00 00 01 00 00 00 09 00 00 00 77 00 00 00  ............w...
  000070  01 00 00 00 04 00 00 00 00 00 00 00 00 00 00 00  ................
  000080  6d 00 06 00 00 00 00 40 00 00 00 40 00 00 80 40  m......@...@...@
  000090  62 00 00 00 00 00 00 00 00 00 00 00 01 00 00 00  b...............
  0000a0  0b 00 00 00 63 00 00 00 03 00 00 00 06 00 00 00  ....c...........
  0000b0  00 00 00 00 00 00 00 00 7e 00 04 00 03 00 00 00  ........~.......
  0000c0  60 00 04 00 04 00 00 00 64 00 04 00 05 00 00 00  `.......d.......
  0000d0  6a 00 00 00 00 00 00 00 00 00 00 00 06 00 00 00  j...............
  0000e0  96 00 00 00 6e 00 00 00 07 00 00 00 14 00 00 00  ....n...........
  0000f0  00 00 00 00 00 00 00 00 60 00 04 00 06 00 00 00  ........`.......
识别为：未知

（Unknown 暂无专用预览器）
  前 16 字节  4a 42 43 46 00 00 00 00 08 00 00 00 68 12 00 00 
  头部可打印 JBCF........h...

stderr:

=== w1351_monster_xiyuqiezei.mdl (rc=0) ===
════════════════════════════════════════════════════════════════
资源：w1351_monster_xiyuqiezei.mdl
  hash       007cb62c6345c819
  类型       JBCF .mdl
  路径       data/source/npc/quest/w1351_monster_xiyuqiezei/w1351_monster_xiyuqiezei.mdl
  存储       data @ 0x3cbdb918, 568 字节
  定位       名字 w1351_monster_xiyuqiezei.mdl
════════════════════════════════════════════════════════════════

已取出 568 字节（加密）

── 前 256 字节 ──
  000000  4a 42 43 46 00 00 00 00 08 00 00 00 28 02 00 00  JBCF........(...
  000010  56 00 00 00 ac 00 00 00 58 00 00 00 02 00 00 00  V.......X.......
  000020  04 00 00 00 02 00 00 00 22 00 00 00 60 00 04 00  ........"...`...
  000030  00 00 00 00 61 00 04 00 01 00 00 00 62 00 00 00  ....a.......b...
  000040  00 00 00 00 00 00 00 00 02 00 00 00 16 00 00 00  ................
  000050  63 00 00 00 03 00 00 00 06 00 00 00 00 00 00 00  c...............
  000060  00 00 00 00 7e 00 04 00 02 00 00 00 60 00 04 00  ....~.......`...
  000070  03 00 00 00 64 00 04 00 04 00 00 00 63 00 00 00  ....d.......c...
  000080  03 00 00 00 06 00 00 00 00 00 00 00 00 00 00 00  ................
  000090  7e 00 04 00 05 00 00 00 60 00 04 00 06 00 00 00  ~.......`.......
  0000a0  64 00 04 00 07 00 00 00 65 00 00 00 01 00 00 00  d.......e.......
  0000b0  02 00 00 00 00 00 00 00 00 00 00 00 66 00 04 00  ............f...
  0000c0  08 00 00 00 00 00 00 00 55 00 00 00 64 01 00 00  ........U...d...
  0000d0  00 00 00 00 09 00 00 00 18 00 00 00 91 61 43 eb  .............aC.
  0000e0  2f 00 00 00 f0 4a 20 fe 0c 00 00 00 8a f0 5f 46  /....J ......._F
  0000f0  26 00 00 00 00 93 0c 18 25 00 00 00 b9 58 e3 88  &.......%....X..
识别为：未知

（Unknown 暂无专用预览器）
  前 16 字节  4a 42 43 46 00 00 00 00 08 00 00 00 28 02 00 00 
  头部可打印 JBCF........(...

stderr: