== plane_c01 全量 424 字节 ==
000000  43 6f 70 79 72 69 67 68 74 20 32 30 31 33 2d 32  Copyright 2013-2
000010  32 30 30 20 00 00 00 00 00 00 00 00 00 00 00 00  200 ............
000020  00 00 00 00 00 00 00 00 00 00 00 00 00 00 00 00  ................
000030  00 00 00 00 00 00 00 00 00 00 00 00 00 00 00 00  ................
000040  6d 65 73 68 00 00 00 00 00 00 00 00 6d 65 73 68  mesh........mesh
000050  00 00 00 00 00 00 00 00 00 00 00 00 00 00 00 00  ................
000060  00 00 00 00 00 00 00 00 00 00 00 00 00 00 00 00  ................
000070  00 00 00 00 00 00 00 00 00 00 00 00 00 00 00 00  ................
000080  00 00 00 00 00 00 00 00 00 00 00 00 04 00 00 00  ................
000090  02 00 00 00 01 00 00 00 00 00 00 00 00 00 00 00  ................
0000a0  00 00 00 00 00 00 00 00 00 00 00 00 00 00 00 00  ................
0000b0  00 00 00 00 00 00 00 00 00 00 00 00 00 00 00 00  ................
0000c0  00 00 00 00 00 00 00 00 00 00 00 00 00 00 00 00  ................
0000d0  00 00 00 00 00 00 00 00 00 00 00 00 00 00 00 00  ................
0000e0  00 00 00 00 00 00 00 00 00 00 00 00 00 00 00 00  ................
0000f0  00 00 00 00 00 00 00 00 00 00 00 00 00 00 00 00  ................
000100  00 00 00 00 00 00 00 00 00 00 00 00 00 00 00 00  ................
000110  00 00 00 00 12 01 00 00 00 00 00 bf 00 00 80 33  ...............3
000120  fe ff ff 3e 00 00 00 3f 00 00 80 33 fe ff ff 3e  ...>...?...3...>
000130  00 00 00 3f 00 00 80 b3 fe ff ff be 00 00 00 bf  ...?............
000140  00 00 80 b3 fe ff ff be 00 00 00 00 00 00 80 3f  ...............?
000150  01 00 00 b4 00 00 00 00 00 00 80 3f 01 00 00 b4  ...........?....
000160  00 00 00 00 00 00 80 3f 01 00 00 b4 00 00 00 00  .......?........
000170  00 00 80 3f 01 00 00 b4 00 00 00 00 00 00 00 00  ...?............
000180  00 00 80 3f 00 00 00 00 00 00 80 3f 00 00 80 3f  ...?.......?...?
000190  00 00 00 00 00 00 80 3f 02 00 00 00 00 00 01 00  .......?........
0001a0  02 00 02 00 03 00 00 00                          ........

== 0x8C 起按 u32/4CC 读 ==
00008c  00000004  '.'
000090  00000002  '.'
000094  00000001  '.'
000098  00000000  '.'
00009c  00000000  '.'
0000a0  00000000  '.'
0000a4  00000000  '.'
0000a8  00000000  '.'
0000ac  00000000  '.'
0000b0  00000000  '.'
0000b4  00000000  '.'
0000b8  00000000  '.'
0000bc  00000000  '.'
0000c0  00000000  '.'
0000c4  00000000  '.'
0000c8  00000000  '.'
0000cc  00000000  '.'
0000d0  00000000  '.'
0000d4  00000000  '.'
0000d8  00000000  '.'
0000dc  00000000  '.'
0000e0  00000000  '.'
0000e4  00000000  '.'
0000e8  00000000  '.'
0000ec  00000000  '.'
0000f0  00000000  '.'
0000f4  00000000  '.'
0000f8  00000000  '.'
0000fc  00000000  '.'
000100  00000000  '.'
000104  00000000  '.'
000108  00000000  '.'
00010c  00000000  '.'
000110  00000000  '.'
000114  00000112  '.'
000118  bf000000  '.'
00011c  33800000  '.'
000120  3efffffe  '.'
000124  3f000000  '.'
000128  33800000  '.'
00012c  3efffffe  '.'
000130  3f000000  '.'
000134  b3800000  '.'
000138  befffffe  '.'
00013c  bf000000  '.'
000140  b3800000  '.'
000144  befffffe  '.'
000148  00000000  '.'
00014c  3f800000  '.'
000150  b4000001  '.'
000154  00000000  '.'
000158  3f800000  '.'
00015c  b4000001  '.'
000160  00000000  '.'
000164  3f800000  '.'
000168  b4000001  '.'
00016c  00000000  '.'
000170  3f800000  '.'
000174  b4000001  '.'
000178  00000000  '.'
00017c  00000000  '.'
000180  3f800000  '.'
000184  00000000  '.'
000188  3f800000  '.'
00018c  3f800000  '.'
000190  00000000  '.'
000194  3f800000  '.'
000198  00000002  '.'
00019c  00010000  '.'
0001a0  00020002  '.'

== plane_c01 疑似顶点(连续3x f32 合理量级) ==
  000144  (-0.5, 0.0, 1.0)
  000178  (0.0, 0.0, 1.0)
  00017c  (0.0, 1.0, 0.0)
  000180  (1.0, 0.0, 1.0)
  000184  (0.0, 1.0, 1.0)
  000188  (1.0, 1.0, 0.0)
  00018c  (1.0, 0.0, 1.0)