
########## type=ani codec= uniq=14233 ##########
  == b51c04d9a5e768f6 size=3503300  path=data/source/npc/quest/w1351_npc_xiaoyuanshan/ani/w1351_npc_xiaoyuanshan_xsc_jt03.ani  NonexNone mips=None orig=3503300
    +0000 43 6f 70 79 72 69 67 68 74 20 32 30 31 33 2d 32 |Copyright 2013-2|
    +0010 32 30 30 20 68 74 74 70 3a 2f 2f 77 77 77 2e 6a |200 http://www.j|
    +0020 75 6c 65 67 61 6d 65 2e 63 6f 6d 2f 00 00 00 00 |ulegame.com/....|
    +0030 00 00 00 00 00 00 00 00 00 00 00 00 00 00 00 00 |................|
    +0040 61 6e 69 00 00 00 00 00 02 00 00 00 55 70 67 72 |ani.........Upgr|
    +0050 61 64 65 64 20 6d 74 6c 00 00 00 00 00 00 00 00 |aded mtl........|
    +0060 00 00 00 00 00 00 00 00 00 00 00 00 00 00 00 00 |................|
    +0070 00 00 00 00 00 00 00 00 00 00 00 00 00 00 00 00 |................|
    +0080 00 00 00 00 00 00 00 00 00 00 00 00 4d 49 4e 32 |............MIN2|
    +0090 00 00 00 00 01 00 00 00 0d 00 00 00 31 32 33 00 |............123.|
    +00a0 00 00 00 00 00 00 00 00 00 00 00 00 00 00 00 00 |................|
    +00b0 00 00 00 00 00 00 00 00 00 00 89 00 00 00 89 00 |................|
     u32: [2037411651, 1751607666, 808591476, 841823025, 540028978, 1886680168, 1999580986, 1781430135, 1734700149, 778399073, 795701091, 0, 0, 0, 0, 0, 6909537, 0, 2, 1919381589, 1684366433, 1819569440, 0, 0]
  == bed0c0911e3461ab size=59030  path=None  NonexNone mips=None orig=59030
    +0000 43 6f 70 79 72 69 67 68 74 20 32 30 31 33 2d 32 |Copyright 2013-2|
    +0010 32 30 30 20 68 74 74 70 3a 2f 2f 77 77 77 2e 6a |200 http://www.j|
    +0020 75 6c 65 67 61 6d 65 2e 63 6f 6d 2f 00 00 00 00 |ulegame.com/....|
    +0030 00 00 00 00 00 00 00 00 00 00 00 00 00 00 00 00 |................|
    +0040 61 6e 69 00 00 00 00 00 02 00 00 00 55 70 67 72 |ani.........Upgr|
    +0050 61 64 65 64 20 6d 74 6c 00 00 00 00 00 00 00 00 |aded mtl........|
    +0060 00 00 00 00 00 00 00 00 00 00 00 00 00 00 00 00 |................|
    +0070 00 00 00 00 00 00 00 00 00 00 00 00 00 00 00 00 |................|
    +0080 00 00 00 00 00 00 00 00 00 00 00 00 4d 49 4e 32 |............MIN2|
    +0090 00 00 00 00 01 00 00 00 0d 00 00 00 31 32 33 00 |............123.|
    +00a0 00 00 00 00 00 00 00 00 00 00 00 00 00 00 00 00 |................|
    +00b0 00 00 00 00 00 00 00 00 00 00 22 00 00 00 22 00 |.........."...".|
     u32: [2037411651, 1751607666, 808591476, 841823025, 540028978, 1886680168, 1999580986, 1781430135, 1734700149, 778399073, 795701091, 0, 0, 0, 0, 0, 6909537, 0, 2, 1919381589, 1684366433, 1819569440, 0, 0]
  == f8ab70f8c23069d7 size=28110  path=data/source/npc/quest/w1351_monster_chanchuguai/ani/w1351_monster_chanchuguai_walk.ani  NonexNone mips=None orig=28110
    +0000 43 6f 70 79 72 69 67 68 74 20 32 30 31 33 2d 32 |Copyright 2013-2|
    +0010 32 30 30 20 68 74 74 70 3a 2f 2f 77 77 77 2e 6a |200 http://www.j|
    +0020 75 6c 65 67 61 6d 65 2e 63 6f 6d 2f 00 00 00 00 |ulegame.com/....|
    +0030 00 00 00 00 00 00 00 00 00 00 00 00 00 00 00 00 |................|
    +0040 61 6e 69 00 00 00 00 00 02 00 00 00 55 70 67 72 |ani.........Upgr|
    +0050 61 64 65 64 20 6d 74 6c 00 00 00 00 00 00 00 00 |aded mtl........|
    +0060 00 00 00 00 00 00 00 00 00 00 00 00 00 00 00 00 |................|
    +0070 00 00 00 00 00 00 00 00 00 00 00 00 00 00 00 00 |................|
    +0080 00 00 00 00 00 00 00 00 00 00 00 00 4d 49 4e 32 |............MIN2|
    +0090 00 00 00 00 01 00 00 00 0d 00 00 00 31 32 33 00 |............123.|
    +00a0 00 00 00 00 00 00 00 00 00 00 00 00 00 00 00 00 |................|
    +00b0 00 00 00 00 00 00 00 00 00 00 1e 00 00 00 1e 00 |................|
     u32: [2037411651, 1751607666, 808591476, 841823025, 540028978, 1886680168, 1999580986, 1781430135, 1734700149, 778399073, 795701091, 0, 0, 0, 0, 0, 6909537, 0, 2, 1919381589, 1684366433, 1819569440, 0, 0]

########## type=geom codec= uniq=12676 ##########
  == 12e54342f14fd96b size=109960  path=None  NonexNone mips=None orig=109960
    +0000 00 00 00 00 01 00 00 00 04 00 00 00 02 00 00 00 |................|
    +0010 24 8c 01 00 00 00 00 00 71 11 c6 41 b6 a9 f9 bf |$.......q..A....|
    +0020 00 00 00 00 7d d4 a5 41 00 00 80 c2 07 75 00 bf |....}..A.....u..|
    +0030 5a 1e 5b 3f 64 ba ff 3d 00 00 00 3f 47 aa a3 41 |Z.[?d..=...?G..A|
    +0040 00 00 80 c2 66 fc e5 3e 94 d5 62 3f 0c 72 ea 3d |....f..>..b?.r.=|
    +0050 00 00 80 3f 25 f4 a1 41 00 00 80 c2 a9 14 a5 3e |...?%..A.......>|
    +0060 24 09 6f 3f c7 3f 1f 3e 00 00 c0 3f db d5 a0 41 |$.o?.?.>...?...A|
    +0070 00 00 80 c2 9b d6 85 3e f0 fc 71 3f 25 fc 47 3e |.......>..q?%.G>|
    +0080 00 00 00 40 ce 86 9f 41 00 00 80 c2 3b 62 c9 3e |...@...A....;b.>|
    +0090 8c 46 66 3f 5a be 42 3e 00 00 20 40 8c 41 9d 41 |.Ff?Z.B>.. @.A.A|
    +00a0 00 00 80 c2 80 15 17 3f 2e bb 48 3f 15 a3 44 3e |.......?..H?..D>|
    +00b0 00 00 40 40 9a 45 99 41 00 00 80 c2 e8 51 4a 3f |..@@.E.A.....QJ?|
     u32: [0, 1, 4, 2, 101412, 0, 1103499633, 3220810166, 0, 1101386877, 3263168512, 3204478215, 1062936154, 1040169572, 1056964608, 1101244999, 3263168512, 1055259750, 1063441812, 1038774796, 1065353216, 1101132837, 3263168512, 1051006121]
  == 519fbe53870d4b1b size=109960  path=None  NonexNone mips=None orig=109960
    +0000 00 00 00 00 01 00 00 00 04 00 00 00 02 00 00 00 |................|
    +0010 24 8c 01 00 00 00 00 00 49 1f 6d 41 0c fd ef 40 |$.......I.mA...@|
    +0020 00 00 00 00 5c ff 0f 41 00 00 c0 c2 06 0c 20 be |....\..A...... .|
    +0030 d3 1d 73 3f 00 fd 8a 3e 00 00 00 3f 6b 50 11 41 |..s?...>...?kP.A|
    +0040 00 00 c0 c2 a3 15 24 be 86 a9 70 3f da 13 9a 3e |......$...p?...>|
    +0050 00 00 80 3f 79 a1 12 41 00 00 c0 c2 57 1f 5f be |...?y..A....W._.|
    +0060 a6 8b 6c 3f c9 e1 a0 3e 00 00 c0 3f 98 1a 15 41 |..l?...>...?...A|
    +0070 00 00 c0 c2 07 fd 62 be 28 b5 6b 3f 02 69 a4 3e |......b.(.k?.i.>|
    +0080 00 00 00 40 b6 93 17 41 00 00 c0 c2 c7 da 27 be |...@...A......'.|
    +0090 ba 49 64 3f ae f5 d7 3e 00 00 20 40 79 14 18 41 |.Id?...>.. @y..A|
    +00a0 00 00 c0 c2 70 35 27 bd 0f 31 64 3f 7e 21 e7 3e |....p5'..1d?~!.>|
    +00b0 00 00 40 40 3c 95 18 41 00 00 c0 c2 23 b1 d3 3d |..@@<..A....#..=|
     u32: [0, 1, 4, 2, 101412, 0, 1097670473, 1089469708, 0, 1091567452, 3267362816, 3189771270, 1064508883, 1049296128, 1056964608, 1091653739, 3267362816, 3190035875, 1064348038, 1050285018, 1065353216, 1091740025, 3267362816, 3193904983]
  == eaff85955cd1c3e7 size=109960  path=None  NonexNone mips=None orig=109960
    +0000 00 00 00 00 01 00 00 00 04 00 00 00 02 00 00 00 |................|
    +0010 24 8c 01 00 00 00 00 00 4c 89 ff 40 c0 ee 3f 40 |$.......L..@..?@|
    +0020 00 00 c0 42 20 ef 3f 40 00 00 00 c3 78 3c 17 3a |...B .?@....x<.:|
    +0030 c7 2a 43 3f ed aa 25 bf 00 00 c1 42 20 ef 3f 40 |.*C?..%....B .?@|
    +0040 00 00 00 c3 00 00 00 00 ce 2a 43 3f eb aa 25 bf |.........*C?..%.|
    +0050 00 00 c2 42 20 ef 3f 40 00 00 00 c3 55 b9 4e b7 |...B .?@....U.N.|
    +0060 ce 2a 43 3f eb aa 25 bf 00 00 c3 42 00 f1 3f 40 |.*C?..%....B..?@|
    +0070 00 00 00 c3 fa 24 9d b8 86 2f 43 3f 5a a5 25 bf |.....$.../C?Z.%.|
    +0080 00 00 c4 42 00 f1 3f 40 00 00 00 c3 17 69 63 37 |...B..?@.....ic7|
    +0090 86 2f 43 3f 5a a5 25 bf 00 00 c5 42 f0 ee 3f 40 |./C?Z.%....B..?@|
    +00a0 00 00 00 c3 81 41 aa 38 54 2a 43 3f 79 ab 25 bf |.....A.8T*C?y.%.|
    +00b0 00 00 c6 42 20 ef 3f 40 00 00 00 c3 67 b7 a8 b6 |...B .?@....g...|
     u32: [0, 1, 4, 2, 101412, 0, 1090488652, 1077931712, 1119879168, 1077931808, 3271557120, 974601336, 1061366471, 3206916845, 1119944704, 1077931808, 3271557120, 0, 1061366478, 3206916843, 1120010240, 1077931808, 3271557120, 3075389781]

########## type=mesh codec= uniq=8467 ##########
  == 1f039a5b901b3a60 size=2315476  path=data/effect/effectmodel/test_jianzhen.mesh  NonexNone mips=None orig=2315476
    +0000 43 6f 70 79 72 69 67 68 74 20 32 30 31 33 2d 32 |Copyright 2013-2|
    +0010 32 30 30 00 00 00 00 00 00 00 00 00 00 00 00 00 |200.............|
    +0020 00 00 00 00 00 00 00 00 00 00 00 00 00 00 00 00 |................|
    +0030 00 00 00 00 00 00 00 00 00 00 00 00 00 00 00 00 |................|
    +0040 6d 65 73 68 00 00 00 00 01 00 00 00 6d 65 73 68 |mesh........mesh|
    +0050 00 00 00 00 00 00 00 00 00 00 00 00 00 00 00 00 |................|
    +0060 00 00 00 00 00 00 00 00 00 00 00 00 00 00 00 00 |................|
    +0070 00 00 00 00 00 00 00 00 00 00 00 00 00 00 00 00 |................|
    +0080 00 00 00 00 00 00 00 00 00 00 00 00 38 da 00 00 |............8...|
    +0090 96 01 01 00 01 00 00 00 00 00 00 00 00 00 00 00 |................|
    +00a0 00 00 00 00 00 00 00 00 00 00 00 00 00 00 00 00 |................|
    +00b0 00 00 00 00 00 00 00 00 00 00 00 00 00 00 00 00 |................|
     u32: [2037411651, 1751607666, 808591476, 841823025, 3158066, 0, 0, 0, 0, 0, 0, 0, 0, 0, 0, 0, 1752393069, 0, 1, 1752393069, 0, 0, 0, 0]
  == fc3b1c90bbc23789 size=34120  path=data/source/npc/quest/w1351_monster_shirenyanshi/w1351_monster_shirenyanshi_yifu_001.mesh  NonexNone mips=None orig=34120
    +0000 43 6f 70 79 72 69 67 68 74 20 32 30 31 33 2d 32 |Copyright 2013-2|
    +0010 32 30 30 20 00 00 00 00 00 00 00 00 00 00 00 00 |200 ............|
    +0020 00 00 00 00 00 00 00 00 00 00 00 00 00 00 00 00 |................|
    +0030 00 00 00 00 00 00 00 00 00 00 00 00 00 00 00 00 |................|
    +0040 6d 65 73 68 00 00 00 00 00 00 00 00 6d 65 73 68 |mesh........mesh|
    +0050 00 00 00 00 00 00 00 00 00 00 00 00 00 00 00 00 |................|
    +0060 00 00 00 00 00 00 00 00 00 00 00 00 00 00 00 00 |................|
    +0070 00 00 00 00 00 00 00 00 00 00 00 00 00 00 00 00 |................|
    +0080 00 00 00 00 00 00 00 00 00 00 00 00 bb 01 00 00 |................|
    +0090 36 02 00 00 01 00 00 00 02 00 00 00 00 00 00 00 |6...............|
    +00a0 00 00 00 00 00 00 00 00 00 00 00 00 00 00 00 00 |................|
    +00b0 00 00 00 00 00 00 00 00 00 00 00 00 00 00 00 00 |................|
     u32: [2037411651, 1751607666, 808591476, 841823025, 540028978, 0, 0, 0, 0, 0, 0, 0, 0, 0, 0, 0, 1752393069, 0, 0, 1752393069, 0, 0, 0, 0]
  == 783293bd7dedf0c2 size=8648  path=mobile_maps_source/w1351_hld_shuduan_001.mesh  NonexNone mips=None orig=8648
    +0000 43 6f 70 79 72 69 67 68 74 20 32 30 31 33 2d 32 |Copyright 2013-2|
    +0010 32 30 30 20 00 00 00 00 00 00 00 00 00 00 00 00 |200 ............|
    +0020 00 00 00 00 00 00 00 00 00 00 00 00 00 00 00 00 |................|
    +0030 00 00 00 00 00 00 00 00 00 00 00 00 00 00 00 00 |................|
    +0040 6d 65 73 68 00 00 00 00 01 00 00 00 6d 65 73 68 |mesh........mesh|
    +0050 00 00 00 00 00 00 00 00 00 00 00 00 00 00 00 00 |................|
    +0060 00 00 00 00 00 00 00 00 00 00 00 00 00 00 00 00 |................|
    +0070 00 00 00 00 00 00 00 00 00 00 00 00 00 00 00 00 |................|
    +0080 00 00 00 00 00 00 00 00 00 00 00 00 ba 00 00 00 |................|
    +0090 73 00 00 00 02 00 00 00 00 00 00 00 00 00 00 00 |s...............|
    +00a0 00 00 00 00 00 00 00 00 00 00 00 00 00 00 00 00 |................|
    +00b0 00 00 00 00 00 00 00 00 00 00 00 00 00 00 00 00 |................|
     u32: [2037411651, 1751607666, 808591476, 841823025, 540028978, 0, 0, 0, 0, 0, 0, 0, 0, 0, 0, 0, 1752393069, 0, 1, 1752393069, 0, 0, 0, 0]

########## type=set codec= uniq=316 ##########
  == 5f6ecbfec3bc7fb1 size=43240668  path=data/source/player/w1351_nan/ani/w1351_nan_clip5.anis  NonexNone mips=None orig=43240668
    +0000 43 6f 70 79 72 69 67 68 74 20 32 30 31 33 2d 32 |Copyright 2013-2|
    +0010 32 30 30 20 68 74 74 70 3a 2f 2f 77 77 77 2e 6a |200 http://www.j|
    +0020 75 6c 65 67 61 6d 65 2e 63 6f 6d 2f 20 43 6f 72 |ulegame.com/ Cor|
    +0030 70 6f 72 61 74 69 6f 6e 2e 20 41 6c 6c 20 72 69 |poration. All ri|
    +0040 00 00 00 00 00 00 00 00 00 00 00 00 6a 75 6c 65 |............jule|
    +0050 6b 65 6a 69 00 00 00 00 00 00 00 00 00 00 00 00 |keji............|
    +0060 00 00 00 00 00 00 00 00 00 00 00 00 00 00 00 00 |................|
    +0070 00 00 00 00 00 00 00 00 00 00 00 00 00 00 00 00 |................|
    +0080 00 00 00 00 00 00 00 00 00 00 00 00 4d 49 3e 21 |............MI>!|
    +0090 00 00 00 00 00 00 00 00 00 00 00 00 00 00 00 00 |................|
    +00a0 00 00 00 00 00 00 00 00 00 00 00 00 00 00 00 00 |................|
    +00b0 00 00 00 00 00 00 00 00 00 00 eb 00 00 00 0e 00 |................|
     u32: [2037411651, 1751607666, 808591476, 841823025, 540028978, 1886680168, 1999580986, 1781430135, 1734700149, 778399073, 795701091, 1919894304, 1634889584, 1852795252, 1816207406, 1769087084, 0, 0, 0, 1701606762, 1768580459, 0, 0, 0]
  == 2a843e124d394f8c size=3246  path=mobile_maps/w1351_ll_tlm_001/w1351_ll_tlm_001.scene  NonexNone mips=None orig=3246
    +0000 43 6f 70 79 72 69 67 68 74 20 32 30 31 33 2d 32 |Copyright 2013-2|
    +0010 32 30 30 20 68 74 74 70 3a 2f 2f 77 77 77 2e 6a |200 http://www.j|
    +0020 75 6c 65 67 61 6d 65 2e 63 6f 6d 2f 20 43 6f 72 |ulegame.com/ Cor|
    +0030 70 6f 72 61 74 69 6f 6e 2e 20 41 6c 6c 20 72 69 |poration. All ri|
    +0040 00 00 00 00 00 00 00 00 0e 00 00 00 6a 75 6c 65 |............jule|
    +0050 6b 65 6a 69 00 00 00 00 00 00 00 00 00 00 00 00 |keji............|
    +0060 00 00 00 00 00 00 00 00 00 00 00 00 00 00 00 00 |................|
    +0070 00 00 00 00 00 00 00 00 00 00 00 00 00 00 00 00 |................|
    +0080 00 00 00 00 00 00 00 00 00 00 00 00 01 00 00 00 |................|
    +0090 00 00 00 00 00 27 01 00 00 48 fe ff ff 07 00 00 |.....'...H......|
    +00a0 00 53 74 61 74 69 63 53 68 61 64 6f 77 30 5f 31 |.StaticShadow0_1|
    +00b0 00 00 00 00 00 00 00 00 00 00 00 00 00 00 00 00 |................|
     u32: [2037411651, 1751607666, 808591476, 841823025, 540028978, 1886680168, 1999580986, 1781430135, 1734700149, 778399073, 795701091, 1919894304, 1634889584, 1852795252, 1816207406, 1769087084, 0, 0, 14, 1701606762, 1768580459, 0, 0, 0]
  == b640b112c8659e0c size=1534  path=mobile_maps/w1351_gj_ywgm4_001/w1351_gj_ywgm4_001.scene  NonexNone mips=None orig=1534
    +0000 43 6f 70 79 72 69 67 68 74 20 32 30 31 33 2d 32 |Copyright 2013-2|
    +0010 32 30 30 20 68 74 74 70 3a 2f 2f 77 77 77 2e 6a |200 http://www.j|
    +0020 75 6c 65 67 61 6d 65 2e 63 6f 6d 2f 20 43 6f 72 |ulegame.com/ Cor|
    +0030 70 6f 72 61 74 69 6f 6e 2e 20 41 6c 6c 20 72 69 |poration. All ri|
    +0040 00 00 00 00 00 00 00 00 0e 00 00 00 6a 75 6c 65 |............jule|
    +0050 6b 65 6a 69 00 00 00 00 00 00 00 00 00 00 00 00 |keji............|
    +0060 00 00 00 00 00 00 00 00 00 00 00 00 00 00 00 00 |................|
    +0070 00 00 00 00 00 00 00 00 00 00 00 00 00 00 00 00 |................|
    +0080 00 00 00 00 00 00 00 00 00 00 00 00 01 00 00 00 |................|
    +0090 00 00 00 00 00 a0 00 00 00 60 ff ff ff 03 00 00 |.........`......|
    +00a0 00 53 74 61 74 69 63 53 68 61 64 6f 77 30 5f 31 |.StaticShadow0_1|
    +00b0 00 00 00 00 00 00 00 00 00 00 00 00 00 00 00 00 |................|
     u32: [2037411651, 1751607666, 808591476, 841823025, 540028978, 1886680168, 1999580986, 1781430135, 1734700149, 778399073, 795701091, 1919894304, 1634889584, 1852795252, 1816207406, 1769087084, 0, 0, 14, 1701606762, 1768580459, 0, 0, 0]
