
########## type=JBCF codec= uniq=13403 ##########
  == 4b761249ad5d605c size=10853872  path=ResourcePath.cfg  NonexNone mips=None orig=10853872
    +0000 4a 42 43 46 00 00 00 00 08 00 00 00 e0 9d a5 00 |JBCF............|
    +0010 56 00 00 00 84 f8 27 00 a5 00 00 00 00 00 00 00 |V.....'.........|
    +0020 00 00 00 00 3c 1c 01 00 1c fe 09 00 03 00 00 00 |....<...........|
    +0030 02 00 00 00 04 00 00 00 00 00 00 00 00 00 00 00 |................|
    +0040 9e 00 04 00 00 00 00 00 a6 00 04 00 01 00 00 00 |................|
    +0050 03 00 00 00 02 00 00 00 04 00 00 00 00 00 00 00 |................|
    +0060 00 00 00 00 9e 00 04 00 02 00 00 00 a6 00 04 00 |................|
    +0070 03 00 00 00 03 00 00 00 02 00 00 00 04 00 00 00 |................|
    +0080 00 00 00 00 00 00 00 00 9e 00 04 00 04 00 00 00 |................|
    +0090 a6 00 04 00 05 00 00 00 03 00 00 00 02 00 00 00 |................|
    +00a0 04 00 00 00 00 00 00 00 00 00 00 00 9e 00 04 00 |................|
    +00b0 06 00 00 00 a6 00 04 00 07 00 00 00 03 00 00 00 |................|
     u32: [1178813002, 0, 8, 10853856, 86, 2619524, 165, 0, 0, 72764, 654876, 3, 2, 4, 0, 0, 262302, 0, 262310, 1, 3, 2, 4, 0]
  == a5641efee8b4277b size=1016  path=data/effect/textures/smoke/w1351_smoke_h007.mtl  NonexNone mips=None orig=1016
    +0000 4a 42 43 46 00 00 00 00 08 00 00 00 e8 03 00 00 |JBCF............|
    +0010 56 00 00 00 14 03 00 00 64 00 00 00 01 00 00 00 |V.......d.......|
    +0020 02 00 00 00 02 00 00 00 be 00 00 00 b3 00 02 00 |................|
    +0030 06 00 00 00 b4 00 00 00 01 00 00 00 02 00 00 00 |................|
    +0040 00 00 00 00 00 00 00 00 b5 00 00 00 01 00 00 00 |................|
    +0050 b6 00 00 00 01 00 00 00 02 00 00 00 05 00 00 00 |................|
    +0060 b0 00 00 00 b7 00 02 00 00 00 00 00 b8 00 00 00 |................|
    +0070 00 00 00 00 00 00 00 00 01 00 00 00 0b 00 00 00 |................|
    +0080 c0 00 00 00 03 00 00 00 06 00 00 00 00 00 00 00 |................|
    +0090 00 00 00 00 bd 00 02 00 01 00 00 00 be 00 04 00 |................|
    +00a0 00 00 00 00 bf 00 02 00 00 00 00 00 b9 00 00 00 |................|
    +00b0 00 00 00 00 00 00 00 00 05 00 00 00 23 00 00 00 |............#...|
     u32: [1178813002, 0, 8, 1000, 86, 788, 100, 1, 2, 2, 190, 131251, 6, 180, 1, 2, 0, 0, 181, 1, 182, 1, 2, 5]
  == 0956a79bcdfdc0d1 size=744  path=mobile_maps_source/w1351_shgz_muqiao_001.mtl  NonexNone mips=None orig=744
    +0000 4a 42 43 46 00 00 00 00 08 00 00 00 d8 02 00 00 |JBCF............|
    +0010 56 00 00 00 64 02 00 00 64 00 00 00 01 00 00 00 |V...d...d.......|
    +0020 02 00 00 00 02 00 00 00 92 00 00 00 b3 00 02 00 |................|
    +0030 06 00 00 00 b4 00 00 00 01 00 00 00 02 00 00 00 |................|
    +0040 00 00 00 00 00 00 00 00 b5 00 00 00 01 00 00 00 |................|
    +0050 b6 00 00 00 01 00 00 00 02 00 00 00 05 00 00 00 |................|
    +0060 84 00 00 00 b7 00 02 00 00 00 00 00 b8 00 00 00 |................|
    +0070 00 00 00 00 00 00 00 00 01 00 00 00 0b 00 00 00 |................|
    +0080 c0 00 00 00 03 00 00 00 06 00 00 00 00 00 00 00 |................|
    +0090 00 00 00 00 bd 00 02 00 01 00 00 00 be 00 04 00 |................|
    +00a0 00 00 00 00 bf 00 02 00 00 00 00 00 b9 00 00 00 |................|
    +00b0 00 00 00 00 00 00 00 00 09 00 00 00 4b 00 00 00 |............K...|
     u32: [1178813002, 0, 8, 728, 86, 612, 100, 1, 2, 2, 146, 131251, 6, 180, 1, 2, 0, 0, 181, 1, 182, 1, 2, 5]

########## type=scene codec= uniq=10414 ##########
  == a31447e4d409a711 size=242326  path=mobile_maps/w1351_fb_jiehun_001/1_3_-5.scene  NonexNone mips=None orig=242326
    +0000 41 01 00 00 f1 02 00 00 00 00 00 00 3d 0a 67 3f |A...........=.g?|
    +0010 00 00 00 00 00 00 00 00 00 00 00 00 00 00 00 00 |................|
    +0020 3d 0a 67 3f 00 00 00 00 00 00 00 00 00 00 00 00 |=.g?............|
    +0030 00 00 00 00 3d 0a 67 3f 00 00 00 00 2b 07 ec 42 |....=.g?....+..B|
    +0040 15 52 2a 40 1b cf 14 c3 00 00 80 3f 77 31 33 35 |.R*@.......?w135|
    +0050 31 5f 64 68 5f 68 6f 6e 67 64 65 6e 67 6c 6f 6e |1_dh_hongdenglon|
    +0060 67 63 68 75 61 6e 5f 30 30 31 2e 6d 65 73 68 00 |gchuan_001.mesh.|
    +0070 af 00 00 00 02 83 00 00 04 00 00 00 80 55 0e 24 |.............U.$|
    +0080 9f 02 00 00 60 00 00 00 00 00 00 00 0e 00 00 00 |....`...........|
    +0090 00 00 00 00 d8 9f cf 42 af 00 00 00 00 92 cf 42 |.......B.......B|
    +00a0 af 00 00 00 bb 8c db dd fe 7f 00 00 10 92 cf 42 |...............B|
    +00b0 af 00 00 00 40 f6 71 04 9f 02 00 00 30 92 cf 42 |....@.q.....0..B|
     u32: [321, 753, 0, 1063717437, 0, 0, 0, 0, 1063717437, 0, 0, 0, 0, 1063717437, 0, 1122764587, 1076515349, 3272920859, 1065353216, 892547447, 1751408433, 1852794975, 1852138599, 1852796007]
  == 7304e265f17dd361 size=19843  path=mobile_maps/w1351_gj_ywgm2_001/1_2_-3.scene  NonexNone mips=None orig=19843
    +0000 1e 00 00 00 f1 02 00 00 00 00 00 00 14 e7 5f 3f |.............._?|
    +0010 00 00 00 00 f8 38 f8 3e 00 00 00 00 00 00 00 00 |.....8.>........|
    +0020 00 00 80 3f 00 00 00 00 00 00 00 00 f8 38 f8 be |...?.........8..|
    +0030 00 00 00 00 14 e7 5f 3f 00 00 00 00 61 23 b7 42 |......_?....a#.B|
    +0040 47 83 88 41 11 67 97 c2 00 00 80 3f 77 31 33 35 |G..A.g.....?w135|
    +0050 31 5f 62 70 7a 64 5f 68 6f 6e 67 63 61 6f 5f 30 |1_bpzd_hongcao_0|
    +0060 30 31 2e 6d 65 73 68 00 63 01 00 00 90 87 0f 84 |01.mesh.c.......|
    +0070 25 00 00 00 63 8c 7c 8f f8 7f 00 00 a0 87 0f 84 |%...c.|.........|
    +0080 25 00 00 00 7c 9c 0f 84 25 00 00 00 01 00 00 00 |%...|...%.......|
    +0090 00 00 00 00 7c 9c 0f 84 25 00 00 00 6c 9e 0f 84 |....|...%...l...|
    +00a0 25 00 00 00 17 8c 7c 8f f8 7f 00 00 f0 9f e1 94 |%.....|.........|
    +00b0 ff 7f 00 00 7c 9c 0f 84 25 00 00 00 7c 9c 0f 84 |....|...%...|...|
     u32: [30, 753, 0, 1063249684, 0, 1056454904, 0, 0, 1065353216, 0, 0, 3203938552, 0, 1063249684, 0, 1119298401, 1099465543, 3264702225, 1065353216, 892547447, 1885495089, 1751082106, 1667722863, 811560801]
  == c5874661acf7e163 size=9136  path=mobile_maps/w1351_ll_wy_001/1_1_-3.scene  NonexNone mips=None orig=9136
    +0000 0c 00 00 00 f1 02 00 00 00 00 00 00 28 fa 60 bf |............(.`.|
    +0010 00 00 00 00 25 4e f4 be 00 00 00 00 00 00 00 00 |....%N..........|
    +0020 00 00 80 3f 00 00 00 00 00 00 00 00 25 4e f4 3e |...?........%N.>|
    +0030 00 00 00 00 28 fa 60 bf 00 00 00 00 10 ba 4d 42 |....(.`.......MB|
    +0040 5f 24 58 40 6a bc ab c2 00 00 80 3f 77 31 33 35 |_$X@j......?w135|
    +0050 31 5f 63 79 5f 73 68 69 74 6f 75 71 75 65 5f 30 |1_cy_shitouque_0|
    +0060 30 31 2e 6d 65 73 68 00 db 02 00 00 20 85 d3 b7 |01.mesh..... ...|
    +0070 f3 00 00 00 63 8c 60 f1 fa 7f 00 00 30 85 d3 b7 |....c.`.....0...|
    +0080 f3 00 00 00 0c 9a d3 b7 f3 00 00 00 01 00 00 00 |................|
    +0090 00 00 00 00 0c 9a d3 b7 f3 00 00 00 fc 9b d3 b7 |................|
    +00a0 f3 00 00 00 17 8c 60 f1 fa 7f 00 00 a0 9e 68 9a |......`.......h.|
    +00b0 fa 7f 00 00 c8 c7 1c e1 db 02 00 00 e9 a1 d3 b7 |................|
     u32: [12, 753, 0, 3210803752, 0, 3203681829, 0, 0, 1065353216, 0, 0, 1056198181, 0, 3210803752, 0, 1112390160, 1079518303, 3266034794, 1065353216, 892547447, 2036555569, 1768452959, 1903521652, 811558261]

########## type=JBPU codec= uniq=8029 ##########
  == c7e83e3c089d4515 size=37736  path=data/effect/pu_skill/boss/w1351_skill_boss_xiejianling_skill04_chadi.pu  NonexNone mips=None orig=37736
    +0000 4a 42 50 55 cc 00 00 00 2a 00 00 00 3e 0e 47 66 |JBPU....*...>.Gf|
    +0010 05 00 00 00 93 e6 85 6d 03 00 00 00 fe af 3a 6a |.......m......:j|
    +0020 0f 00 00 00 18 a6 81 42 0b 00 00 00 be 56 28 18 |.......B.....V(.|
    +0030 10 00 00 00 6c c7 c3 79 06 00 00 00 60 2d c7 c5 |....l..y....`-..|
    +0040 20 00 00 00 85 d5 ba a8 05 00 00 00 a2 a9 e3 6f | ..............o|
    +0050 06 00 00 00 d9 7c 31 e1 05 00 00 00 67 03 af 6d |.....|1.....g..m|
    +0060 11 00 00 00 4a 86 ce 3e 05 00 00 00 45 98 06 8a |....J..>....E...|
    +0070 20 00 00 00 ae c0 5c 5e 11 00 00 00 21 d9 3b 5a | .....\^....!.;Z|
    +0080 0a 00 00 00 c8 b3 53 92 0c 00 00 00 6b c5 a3 33 |......S.....k..3|
    +0090 05 00 00 00 e4 bf 9f 8a 14 00 00 00 46 7e 53 87 |............F~S.|
    +00a0 03 00 00 00 57 36 35 6a 03 00 00 00 af c1 3a 6a |....W65j......:j|
    +00b0 1a 00 00 00 98 03 0d fd 1b 00 00 00 29 31 16 28 |............)1.(|
     u32: [1431323210, 204, 42, 1715932734, 5, 1837491859, 3, 1782231038, 15, 1115792920, 11, 405296830, 16, 2042873708, 6, 3318164832, 32, 2830816645, 5, 1877191074, 6, 3778116825, 5, 1840186215]
  == 1f0dc8464e57bbbe size=2372  path=data/effect/pu_skill/zhenshou/w1351_skill_pets_tangguotianxin_b8_idle02_03.pu  NonexNone mips=None orig=2372
    +0000 4a 42 50 55 21 00 00 00 2c 00 00 00 d3 45 6b 77 |JBPU!...,....Ekw|
    +0010 05 00 00 00 93 e6 85 6d 07 00 00 00 c0 89 9e 1b |.......m........|
    +0020 15 00 00 00 80 a4 f4 94 03 00 00 00 57 36 35 6a |............W65j|
    +0030 1e 00 00 00 73 76 3a 00 15 00 00 00 6d af 5e 9b |....sv:.....m.^.|
    +0040 0b 00 00 00 06 b2 6d 47 05 00 00 00 a2 a9 e3 6f |......mG.......o|
    +0050 06 00 00 00 d9 7c 31 e1 07 00 00 00 ab 7b d9 ff |.....|1......{..|
    +0060 33 00 00 00 ec 5a 85 99 2f 00 00 00 98 c5 5c 4f |3....Z../.....\O|
    +0070 09 00 00 00 ae 24 3f 02 0a 00 00 00 3f be 02 b4 |.....$?.....?...|
    +0080 0a 00 00 00 45 8b b3 cb 14 00 00 00 80 09 b6 ed |....E...........|
    +0090 09 00 00 00 f7 72 d1 ab 0d 00 00 00 50 7d 0f 55 |.....r......P}.U|
    +00a0 0a 00 00 00 5f c4 93 5f 05 00 00 00 67 03 af 6d |...._.._....g..m|
    +00b0 11 00 00 00 4a 86 ce 3e 0a 00 00 00 6f 71 e4 b0 |....J..>....oq..|
     u32: [1431323210, 33, 44, 2003518931, 5, 1837491859, 7, 463374784, 21, 2499060864, 3, 1781872215, 30, 3831411, 21, 2606673773, 11, 1198371334, 5, 1877191074, 6, 3778116825, 7, 4292443051]
  == c1b2cb6425d735e3 size=1240  path=data/effect/pu_other/w1351_other_s_nan_new_duanyanqing_01.pu  NonexNone mips=None orig=1240
    +0000 4a 42 50 55 12 00 00 00 24 00 00 00 25 d9 de 4f |JBPU....$...%..O|
    +0010 05 00 00 00 bd 55 99 6d 06 00 00 00 9f 59 92 2d |.....U.m.....Y.-|
    +0020 13 00 00 00 cc 45 49 76 03 00 00 00 57 36 35 6a |.....EIv....W65j|
    +0030 09 00 00 00 f7 72 d1 ab 08 00 00 00 11 67 12 8a |.....r.......g..|
    +0040 09 00 00 00 ae 24 3f 02 0a 00 00 00 5f c4 93 5f |.....$?....._.._|
    +0050 05 00 00 00 67 03 af 6d 0a 00 00 00 3f be 02 b4 |....g..m....?...|
    +0060 11 00 00 00 4a 86 ce 3e 0e 00 00 00 6b 9a 56 b1 |....J..>....k.V.|
    +0070 0a 00 00 00 6f 71 e4 b0 0a 00 00 00 52 45 98 b5 |....oq......RE..|
    +0080 0a 00 00 00 7d 5f 65 85 06 00 00 00 d9 7c 31 e1 |....}_e......|1.|
    +0090 0a 00 00 00 bc 80 c7 50 77 31 33 35 31 5f 6f 74 |.......Pw1351_ot|
    +00a0 68 65 72 5f 73 5f 6e 61 6e 5f 6e 65 77 5f 64 75 |her_s_nan_new_du|
    +00b0 61 6e 79 61 6e 71 69 6e 67 5f 30 31 6f 74 68 65 |anyanqing_01othe|
     u32: [1431323210, 18, 36, 1340004645, 5, 1838765501, 6, 764565919, 19, 1984513484, 3, 1781872215, 9, 2882630391, 8, 2316461841, 9, 37692590, 10, 1603519583, 5, 1840186215, 10, 3020078655]

########## type=GATA codec= uniq=2560 ##########
  == f3bd0adc8fb021bb size=12348  path=data/tani/ts_tani_lanhuadianxueshou_nan01.tani  NonexNone mips=None orig=12348
    +0000 47 41 54 41 00 00 00 00 74 73 5f 74 61 6e 69 5f |GATA....ts_tani_|
    +0010 6c 61 6e 68 75 61 64 69 61 6e 78 75 65 73 68 6f |lanhuadianxuesho|
    +0020 75 5f 6e 61 6e 30 31 2e 74 61 6e 69 00 00 00 00 |u_nan01.tani....|
    +0030 f0 ea d4 66 8c 02 00 00 b2 49 c3 55 00 51 00 80 |...f.....I.U.Q..|
    +0040 20 6f f4 48 8c 02 00 00 ff 20 76 b6 8c 02 00 00 | o.H..... v.....|
    +0050 d0 cd de 4b 8c 02 00 00 04 00 00 00 01 00 00 00 |...K............|
    +0060 a0 9a 42 5d 8c 02 00 00 00 00 00 00 00 00 00 00 |..B]............|
    +0070 08 00 00 00 00 00 00 00 60 a4 42 5d 8c 02 00 00 |........`.B]....|
    +0080 f0 35 44 67 8c 02 00 00 b7 49 ce 55 00 52 00 90 |.5Dg.....I.U.R..|
    +0090 00 d0 42 5d 8c 02 00 00 60 a7 42 5d 8c 02 00 00 |..B]....`.B]....|
    +00a0 40 9f 42 5d 8c 02 00 00 01 00 00 00 10 00 00 00 |@.B]............|
    +00b0 00 53 6d 4e 8c 02 00 00 50 05 03 67 8c 02 00 00 |.SmN....P..g....|
     u32: [1096040775, 0, 1952412532, 1600745057, 1752064364, 1768186229, 1970826849, 1869116261, 1634623349, 774975598, 1768841588, 0, 1725229808, 652, 1438861746, 2147504384, 1223978784, 652, 3061195007, 652, 1272892880, 652, 4, 1]
  == b489bb8e61902cda size=7140  path=data/tani/mr_tani_huaqishi01.tani  NonexNone mips=None orig=7140
    +0000 47 41 54 41 00 00 00 00 64 61 74 61 2f 74 61 6e |GATA....data/tan|
    +0010 69 2f 6d 72 5f 74 61 6e 69 5f 68 75 61 71 69 73 |i/mr_tani_huaqis|
    +0020 68 69 30 31 2e 74 61 6e 69 00 00 00 00 00 00 00 |hi01.tani.......|
    +0030 00 00 00 00 00 00 00 00 90 7b 62 12 4a 01 00 00 |.........{b.J...|
    +0040 00 00 00 00 00 00 00 00 00 00 00 00 00 00 00 00 |................|
    +0050 00 00 00 00 00 00 00 00 08 00 00 00 00 00 00 00 |................|
    +0060 00 00 00 00 00 00 00 00 20 e9 2a 98 4a 01 00 00 |........ .*.J...|
    +0070 00 00 00 00 00 00 00 00 00 00 00 00 00 00 00 00 |................|
    +0080 01 00 00 00 00 00 00 00 01 00 00 00 00 00 00 00 |................|
    +0090 00 00 00 00 00 00 00 00 30 2f 9c 9a 4a 01 00 00 |........0/..J...|
    +00a0 00 00 00 80 fe 7f 00 00 70 10 9c 9a 4a 01 00 00 |........p...J...|
    +00b0 00 00 00 80 ff 7f 00 00 00 00 00 00 00 00 00 00 |................|
     u32: [1096040775, 0, 1635017060, 1851880495, 1919758185, 1851880543, 1969774441, 1936290145, 825256296, 1851880494, 105, 0, 0, 0, 308444048, 330, 0, 0, 0, 0, 0, 0, 8, 0]
  == 44b56e9b6ea6da3b size=1112  path=data/tani/pets_tani_tangguotianxin_b6_hit02.tani  NonexNone mips=None orig=1112
    +0000 47 41 54 41 00 00 00 00 64 61 74 61 2f 74 61 6e |GATA....data/tan|
    +0010 69 2f 70 65 74 5f 74 61 6e 69 5f 74 61 6e 67 67 |i/pet_tani_tangg|
    +0020 75 6f 74 69 61 6e 78 69 6e 5f 62 36 5f 68 69 74 |uotianxin_b6_hit|
    +0030 30 32 2e 74 61 6e 69 00 d0 cf 6c ab 98 01 00 00 |02.tani...l.....|
    +0040 00 00 00 00 00 00 00 00 00 00 00 00 00 00 00 00 |................|
    +0050 00 00 00 00 00 00 00 00 08 00 00 00 00 00 00 00 |................|
    +0060 00 00 00 00 00 00 00 00 e0 19 9a 26 99 01 00 00 |...........&....|
    +0070 00 00 00 00 00 00 00 00 fa 00 00 00 fa 00 00 00 |................|
    +0080 01 00 00 00 00 00 00 00 01 00 00 00 00 00 00 00 |................|
    +0090 00 00 00 00 00 00 00 00 20 92 e6 47 99 01 00 00 |........ ..G....|
    +00a0 00 00 00 80 f9 7f 00 00 50 c4 aa 21 99 01 00 00 |........P..!....|
    +00b0 00 00 00 80 00 00 00 00 00 00 00 00 00 00 00 00 |................|
     u32: [1096040775, 0, 1635017060, 1851880495, 1701850985, 1635016564, 1952409966, 1734831713, 1769238389, 1769500257, 912416622, 1953065055, 1949184560, 6909537, 2876035024, 408, 0, 0, 0, 0, 0, 0, 8, 0]

########## type=mapref codec= uniq=887 ##########
  == 0297f9c8b03809d9 size=288  path=None  NonexNone mips=None orig=288
    +0000 03 00 00 00 18 01 00 00 01 00 00 00 01 00 00 00 |................|
    +0010 01 00 00 00 30 71 3e de 00 6c 69 f1 99 01 00 00 |....0q>..li.....|
    +0020 01 00 00 00 00 00 00 00 ec 6b 69 f1 99 01 00 00 |.........ki.....|
    +0030 f1 90 1d f6 f7 7f 00 00 fe ff ff ff ff ff ff ff |................|
    +0040 01 00 00 00 f7 7f 00 00 05 00 00 00 99 01 00 00 |................|
    +0050 bb 7d 3a f6 f7 7f 00 00 30 6c 69 f1 99 01 00 00 |.}:.....0li.....|
    +0060 25 91 1d f6 f7 7f 00 00 18 58 92 dc 99 01 00 00 |%........X......|
    +0070 01 00 00 00 99 01 00 00 25 00 00 00 00 00 00 00 |........%.......|
    +0080 1b 76 19 f7 f7 7f 00 00 e0 66 38 be 7d 00 00 00 |.v.......f8.}...|
    +0090 23 77 3a f6 f7 7f 00 00 30 6c 69 f1 99 01 00 00 |#w:.....0li.....|
    +00a0 20 20 de f6 f7 7f 00 00 70 6b 69 f1 99 01 00 00 |  ......pki.....|
    +00b0 fe ff ff ff ff ff ff ff 25 00 00 00 00 00 00 00 |........%.......|
     u32: [3, 280, 1, 1, 1, 3728634160, 4050217984, 409, 1, 0, 4050217964, 409, 4129132785, 32759, 4294967294, 4294967295, 1, 32759, 5, 409, 4131028411, 32759, 4050218032, 409]
  == a89c588984442f47 size=288  path=None  NonexNone mips=None orig=288
    +0000 04 00 00 00 18 01 00 00 01 00 00 00 01 00 00 00 |................|
    +0010 01 00 00 00 00 00 80 bf 00 00 00 00 00 00 00 00 |................|
    +0020 c7 b3 23 b3 fd 7f 00 00 00 00 c5 63 b8 02 00 00 |..#........c....|
    +0030 00 00 00 00 00 00 00 00 b0 75 cf 7b b8 02 00 00 |.........u.{....|
    +0040 c0 da 39 69 b8 02 00 00 00 00 00 00 00 00 00 00 |..9i............|
    +0050 50 a7 35 69 b8 02 00 00 a0 b6 07 7c b8 02 00 00 |P.5i.......|....|
    +0060 00 00 00 00 00 00 00 00 d0 89 4f f4 f0 00 00 00 |..........O.....|
    +0070 0f 16 27 b3 fd 7f 00 00 b0 75 cf 7b b8 02 00 00 |..'......u.{....|
    +0080 c0 da 39 69 b8 02 00 00 00 00 00 00 00 00 00 00 |..9i............|
    +0090 50 a7 35 69 b8 02 00 00 a0 b6 07 7c b8 02 00 00 |P.5i.......|....|
    +00a0 00 00 00 00 00 00 00 00 d0 89 4f f4 f0 00 00 00 |..........O.....|
    +00b0 e6 fd d6 b0 fd 7f 00 00 00 00 00 00 00 00 00 00 |................|
     u32: [4, 280, 1, 1, 1, 3212836864, 0, 0, 3005461447, 32765, 1673854976, 696, 0, 0, 2077193648, 696, 1765399232, 696, 0, 0, 1765123920, 696, 2080880288, 696]
  == 40dd8f1634f19101 size=288  path=None  NonexNone mips=None orig=288
    +0000 03 00 00 00 18 01 00 00 01 00 00 00 01 00 00 00 |................|
    +0010 01 00 00 00 1a 02 00 00 00 00 00 00 00 00 00 00 |................|
    +0020 c7 b3 bf 3b fb 7f 00 00 00 00 e1 7c 3e 01 00 00 |...;.......|>...|
    +0030 00 00 00 00 fb 7f 00 00 d0 98 50 0d 3e 01 00 00 |..........P.>...|
    +0040 f0 5b b1 02 3e 01 00 00 00 00 00 00 00 00 00 00 |.[..>...........|
    +0050 10 76 f0 16 3e 01 00 00 70 72 ba 17 3e 01 00 00 |.v..>...pr..>...|
    +0060 00 00 00 00 00 00 00 00 80 8e 8f 37 1d 00 00 00 |...........7....|
    +0070 ff 14 c3 3b fb 7f 00 00 d0 98 50 0d 3e 01 00 00 |...;......P.>...|
    +0080 f0 5b b1 02 3e 01 00 00 00 00 00 00 00 00 00 00 |.[..>...........|
    +0090 10 76 f0 16 3e 01 00 00 70 72 ba 17 3e 01 00 00 |.v..>...pr..>...|
    +00a0 00 00 00 00 00 00 00 00 80 8e 8f 37 1d 00 00 00 |...........7....|
    +00b0 e6 fd 37 39 fb 7f 00 00 00 00 00 00 00 00 00 00 |..79............|
     u32: [3, 280, 1, 1, 1, 538, 0, 0, 1002419143, 32763, 2095120384, 318, 0, 32763, 223385808, 318, 45177840, 318, 0, 0, 384857616, 318, 398094960, 318]

########## type=NAVF codec= uniq=455 ##########
  == 47d985258329da86 size=179904  path=None  NonexNone mips=None orig=179904
    +0000 4e 41 56 46 02 00 00 00 bd 07 00 00 7b 07 00 00 |NAVF........{...|
    +0010 78 0a 00 00 0f 00 00 00 01 00 00 00 02 00 00 00 |x...............|
    +0020 03 00 00 00 04 00 00 00 05 00 00 00 06 00 00 00 |................|
    +0030 07 00 00 00 08 00 00 00 0d 00 00 00 dd 03 00 00 |................|
    +0040 df 03 00 00 e1 03 00 00 e3 03 00 00 e5 03 00 00 |................|
    +0050 e7 03 00 00 d7 08 00 00 b6 0b 00 00 13 00 00 00 |................|
    +0060 00 00 00 00 02 00 00 00 03 00 00 00 04 00 00 00 |................|
    +0070 05 00 00 00 06 00 00 00 07 00 00 00 08 00 00 00 |................|
    +0080 09 00 00 00 0a 00 00 00 0b 00 00 00 0c 00 00 00 |................|
    +0090 0d 00 00 00 dd 03 00 00 df 03 00 00 e1 03 00 00 |................|
    +00a0 e3 03 00 00 e5 03 00 00 e7 03 00 00 fa 08 00 00 |................|
    +00b0 21 0b 00 00 12 00 00 00 00 00 00 00 01 00 00 00 |!...............|
     u32: [1180057934, 2, 1981, 1915, 2680, 15, 1, 2, 3, 4, 5, 6, 7, 8, 13, 989, 991, 993, 995, 997, 999, 2263, 2998, 19]
  == 3fa92e27e24882ba size=13604  path=None  NonexNone mips=None orig=13604
    +0000 4e 41 56 46 02 00 00 00 14 01 00 00 4d 15 00 00 |NAVF........M...|
    +0010 12 2d 00 00 0c 00 00 00 01 00 00 00 02 00 00 00 |.-..............|
    +0020 03 00 00 00 04 00 00 00 05 00 00 00 06 00 00 00 |................|
    +0030 07 00 00 00 08 00 00 00 09 00 00 00 0a 00 00 00 |................|
    +0040 0b 00 00 00 0c 00 00 00 d4 15 00 00 1a 2d 00 00 |.............-..|
    +0050 0c 00 00 00 00 00 00 00 02 00 00 00 03 00 00 00 |................|
    +0060 04 00 00 00 05 00 00 00 06 00 00 00 07 00 00 00 |................|
    +0070 08 00 00 00 09 00 00 00 0a 00 00 00 0b 00 00 00 |................|
    +0080 0c 00 00 00 40 15 00 00 68 2c 00 00 0d 00 00 00 |....@...h,......|
    +0090 00 00 00 00 01 00 00 00 03 00 00 00 04 00 00 00 |................|
    +00a0 05 00 00 00 06 00 00 00 07 00 00 00 08 00 00 00 |................|
    +00b0 09 00 00 00 0a 00 00 00 0b 00 00 00 0c 00 00 00 |................|
     u32: [1180057934, 2, 276, 5453, 11538, 12, 1, 2, 3, 4, 5, 6, 7, 8, 9, 10, 11, 12, 5588, 11546, 12, 0, 2, 3]
  == 33bdcea93f3792d5 size=5820  path=None  NonexNone mips=None orig=5820
    +0000 4e 41 56 46 02 00 00 00 88 00 00 00 28 10 00 00 |NAVF........(...|
    +0010 29 03 00 00 06 00 00 00 01 00 00 00 02 00 00 00 |)...............|
    +0020 03 00 00 00 04 00 00 00 0a 00 00 00 10 00 00 00 |................|
    +0030 21 10 00 00 ae 03 00 00 09 00 00 00 00 00 00 00 |!...............|
    +0040 02 00 00 00 03 00 00 00 04 00 00 00 05 00 00 00 |................|
    +0050 0a 00 00 00 0b 00 00 00 10 00 00 00 11 00 00 00 |................|
    +0060 2b 10 00 00 de 04 00 00 0d 00 00 00 00 00 00 00 |+...............|
    +0070 01 00 00 00 03 00 00 00 04 00 00 00 05 00 00 00 |................|
    +0080 06 00 00 00 07 00 00 00 0a 00 00 00 0b 00 00 00 |................|
    +0090 0c 00 00 00 10 00 00 00 11 00 00 00 12 00 00 00 |................|
    +00a0 1d 10 00 00 6c 05 00 00 0d 00 00 00 00 00 00 00 |....l...........|
    +00b0 01 00 00 00 02 00 00 00 04 00 00 00 05 00 00 00 |................|
     u32: [1180057934, 2, 136, 4136, 809, 6, 1, 2, 3, 4, 10, 16, 4129, 942, 9, 0, 2, 3, 4, 5, 10, 11, 16, 17]
