  000000  1c 00 00 00 ed 02 00 00 00 00 00 00 00 00 80 3f  ...............?
  000010  00 00 00 00 00 00 00 00 00 00 00 00 00 00 00 00  ................
  000020  00 00 80 3f 00 00 00 00 00 00 00 00 00 00 00 00  ...?............
  000030  00 00 00 00 00 00 80 3f 00 00 00 00 a5 6c 6c 42  .......?.....llB
  000040  cb ca 13 c1 ec 71 b2 c2 00 00 80 3f 77 31 33 35  .....q.....?w135
  000050  31 5f 63 6a 5f 68 65 68 75 61 5f 30 30 31 2e 6d  1_cj_hehua_001.m
  000060  65 73 68 00 a1 5b bd 14 fa 7f 00 00 80 01 00 00  esh..[..........
  000070  00 00 00 00 a8 47 17 13 a3 01 00 00 1c 00 00 00  .....G..........
  000080  00 00 00 00 a9 7e 9a 12 fa 7f 00 00 1c 37 04 55  .....~.......7.U
  000090  a3 01 00 00 10 37 04 55 a3 01 00 00 04 00 00 00  .....7.U........
  0000a0  00 00 00 00 0c 01 00 00 a3 01 00 00 04 00 00 00  ................
  0000b0  00 00 00 00 d0 8d 9a 12 fa 7f 00 00 10 37 04 55  .............7.U
  0000c0  a3 01 00 00 0c b7 27 b2 f6 7f 00 00 00 00 1f 3c  ......'........<
  0000d0  a3 01 00 00 10 37 04 55 a3 01 00 00 1c 00 00 00  .....7.U........
  0000e0  00 00 00 00 a0 a0 94 a3 45 00 00 00 08 f2 5d b3  ........E.....].
  0000f0  f6 7f 00 00 0d 00 00 00 00 00 00 00 00 94 94 a3  ................
  000100  45 00 00 00 bb 8c 9a 12 fa 7f 00 00 a0 94 94 a3  E...............
  000110  45 00 00 00 10 37 04 55 a3 01 00 00 c0 94 94 a3  E....7.U........
  000120  45 00 00 00 10 37 04 55 a3 01 00 00 90 94 94 a3  E....7.U........
  000130  45 00 00 00 63 8c 9a 12 fa 7f 00 00 a0 94 94 a3  E...c...........
  000140  45 00 00 00 10 2a 06 13 a3 01 00 00 01 00 00 00  E....*..........
  000150  00 00 80 3f 01 00 00 00 00 00 00 00 00 00 00 00  ...?............
  000160  00 00 00 00 00 00 00 00 00 00 00 00 00 00 00 00  ................
  000170  00 00 00 00 00 00 00 00 00 00 00 00 00 00 00 00  ................
  000180  00 00 00 00 00 00 00 00 00 00 00 00 00 00 00 00  ................
  000190  00 00 00 00 00 00 00 00 00 00 00 00 00 00 00 00  ................
  0001a0  00 00 00 00 00 00 00 00 00 00 00 00 00 00 00 00  ................
  0001b0  00 00 00 00 00 00 00 00 00 00 00 00 00 00 00 00  ................
  0001c0  00 00 00 00 00 00 00 00 00 00 00 00 00 00 00 00  ................
  0001d0  00 00 00 00 00 00 00 00 00 00 00 00 00 00 00 00  ................
  0001e0  00 00 00 00 00 00 00 00 00 00 00 00 00 00 00 00  ................
  0001f0  00 00 00 00 00 00 00 00 00 00 00 00 00 00 00 00  ................
  000200  00 00 00 00 00 00 00 00 00 00 00 00 00 00 00 00  ................
  000210  00 00 00 00 00 00 00 00 00 00 00 00 00 00 00 00  ................
  000220  00 00 00 00 00 00 00 00 00 00 00 00 00 00 00 00  ................
  000230  00 00 00 00 00 00 00 00 00 00 00 00 00 00 00 00  ................
  000240  00 00 00 00 00 00 00 00 00 00 00 00 00 00 00 00  ................
  000250  00 00 00 00 00 00 00 00 00 00 00 00 00 00 00 00  ................
  000260  00 ff ff ff ff 62 00 61 00 76 00 65 00 44 00 6e  .....b.a.v.e.D.n
  000270  00 00 00 80 3f 00 00 80 3f 00 00 00 00 00 00 00  ....?...?.......
  000280  00 00 00 80 3f 00 00 80 3f 00 00 80 3f 00 00 80  ....?...?...?...
  000290  3f 00 00 80 3f 00 00 80 3f 00 00 80 3f 00 00 80  ?...?...?...?...
  0002a0  3f 00 00 00 00 00 00 00 00 00 00 00 00 00 00 00  ?...............
  0002b0  00 00 00 00 00 00 00 00 00 00 00 00 00 00 00 00  ................
  0002c0  00 00 00 00 00 0f 80 a0 3e f7 ff 7f 3a 07 00 78  ........>...:..x
  0002d0  3d 07 00 78 3d 5c 55 d5 40 00 00 00 00 00 00 00  =..x=\U.@.......
  0002e0  00 00 00 00 00 00 00 80 3f 00 00 00 00 00 00 00  ........?.......
  0002f0  00 00 00 00 00 00 00 00 00 ed 02 00 00 00 00 00  ................
  000300  00 b8 b9 bd be 00 00 00 00 75 c6 6d 3f 00 00 00  .........u.m?...
  000310  00 00 00 00 00 00 00 80 3f 00 00 00 00 00 00 00  ........?.......
  000320  00 75 c6 6d bf 00 00 00 00 b8 b9 bd be 00 00 00  .u.m............
  000330  00 be b0 56 42 cb ca 13 c1 bb e7 b8 c2 00 00 80  ...VB...........
  000340  3f 77 31 33 35 31 5f 63 6a 5f 68 65 68 75 61 5f  ?w1351_cj_hehua_
  000350  30 30 31 2e 6d 65 73 68 00 a1 5b bd 14 fa 7f 00  001.mesh..[.....
  000360  00 80 01 00 00 00 00 00 00 a8 47 17 13 a3 01 00  ..........G.....
  000370  00 1c 00 00 00 00 00 00 00 a9 7e 9a 12 fa 7f 00  ..........~.....
  000380  00 1c 37 04 55 a3 01 00 00 10 37 04 55 a3 01 00  ..7.U.....7.U...
  000390  00 04 00 00 00 00 00 00 00 0c 01 00 00 a3 01 00  ................
  0003a0  00 04 00 00 00 00 00 00 00 d0 8d 9a 12 fa 7f 00  ................
  0003b0  00 10 37 04 55 a3 01 00 00 0c b7 27 b2 f6 7f 00  ..7.U......'....
  0003c0  00 00 00 1f 3c a3 01 00 00 10 37 04 55 a3 01 00  ....<.....7.U...
  0003d0  00 1c 00 00 00 00 00 00 00 a0 a0 94 a3 45 00 00  .............E..
  0003e0  00 08 f2 5d b3 f6 7f 00 00 0d 00 00 00 00 00 00  ...]............
  0003f0  00 00 94 94 a3 45 00 00 00 bb 8c 9a 12 fa 7f 00  .....E..........
  000400  00 a0 94 94 a3 45 00 00 00 10 37 04 55 a3 01 00  .....E....7.U...
  000410  00 c0 94 94 a3 45 00 00 00 10 37 04 55 a3 01 00  .....E....7.U...
  000420  00 90 94 94 a3 45 00 00 00 63 8c 9a 12 fa 7f 00  .....E...c......
  000430  00 a0 94 94 a3 45 00 00 00 10 2a 06 13 a3 01 00  .....E....*.....
  000440  00 01 00 00 00 00 00 80 3f 01 00 00 00 00 00 00  ........?.......
  000450  00 00 00 00 00 00 00 00 00 00 00 00 00 00 00 00  ................
  000460  00 00 00 00 00 00 00 00 00 00 00 00 00 00 00 00  ................
  000470  00 00 00 00 00 00 00 00 00 00 00 00 00 00 00 00  ................
  000480  00 00 00 00 00 00 00 00 00 00 00 00 00 00 00 00  ................
  000490  00 00 00 00 00 00 00 00 00 00 00 00 00 00 00 00  ................
  0004a0  00 00 00 00 00 00 00 00 00 00 00 00 00 00 00 00  ................
  0004b0  00 00 00 00 00 00 00 00 00 00 00 00 00 00 00 00  ................
  0004c0  00 00 00 00 00 00 00 00 00 00 00 00 00 00 00 00  ................
  0004d0  00 00 00 00 00 00 00 00 00 00 00 00 00 00 00 00  ................
  0004e0  00 00 00 00 00 00 00 00 00 00 00 00 00 00 00 00  ................
  0004f0  00 00 00 00 00 00 00 00 00 00 00 00 00 00 00 00  ................
  000500  00 00 00 00 00 00 00 00 00 00 00 00 00 00 00 00  ................
  000510  00 00 00 00 00 00 00 00 00 00 00 00 00 00 00 00  ................
  000520  00 00 00 00 00 00 00 00 00 00 00 00 00 00 00 00  ................
  000530  00 00 00 00 00 00 00 00 00 00 00 00 00 00 00 00  ................
  000540  00 00 00 00 00 00 00 00 00 00 00 00 00 00 00 00  ................
  000550  00 00 00 00 00 00 ff ff ff ff 4b 00 65 00 6e 00  ..........K.e.n.
  000560  67 00 71 00 68 00 00 00 80 3f 00 00 80 3f 00 00  g.q.h....?...?..
  000570  00 00 00 00 00 00 00 00 80 3f 00 00 80 3f 00 00  .........?...?..
  000580  80 3f 00 00 80 3f 00 00 80 3f 00 00 80 3f 00 00  .?...?...?...?..
  000590  80 3f 00 00 80 3f 00 00 00 00 00 00 00 00 00 00  .?...?..........
  0005a0  00 00 00 00 00 00 00 00 00 00 00 00 00 00 00 00  ................
  0005b0  00 00 00 00 00 00 03 00 00 00 0a 00 04 3d 07 40  .............=.@
  0005c0  18 3f 07 00 78 3d 07 00 78 3d 5c 55 d5 40 00 00  .?..x=..x=\U.@..
  0005d0  00 00 00 00 00 00 00 00 00 00 00 00 80 3f 00 00  .............?..
  0005e0  00 00 00 00 00 00 00 00 00 00 00 00 00 00 ed 02  ................
  0005f0  00 00 00 00 00 00 86 b4 7f bf 00 00 00 00 05 85  ................
  000600  44 bd 00 00 00 00 00 00 00 00 00 00 80 3f 00 00  D............?..
  000610  00 00 00 00 00 00 05 85 44 3d 00 00 00 00 86 b4  ........D=......
  000620  7f bf 00 00 00 00 8d d7 53 42 cb ca 13 c1 2e 90  ........SB......
  000630  aa c2 00 00 80 3f 77 31 33 35 31 5f 63 6a 5f 68  .....?w1351_cj_h
  000640  65 68 75 61 5f 30 30 31 2e 6d 65 73 68 00 a1 5b  ehua_001.mesh..[
  000650  bd 14 fa 7f 00 00 80 01 00 00 00 00 00 00 a8 47  ...............G
  000660  17 13 a3 01 00 00 1c 00 00 00 00 00 00 00 a9 7e  ...............~
  000670  9a 12 fa 7f 00 00 1c 37 04 55 a3 01 00 00 10 37  .......7.U.....7
  000680  04 55 a3 01 00 00 04 00 00 00 00 00 00 00 0c 01  .U..............
  000690  00 00 a3 01 00 00 04 00 00 00 00 00 00 00 d0 8d  ................
  0006a0  9a 12 fa 7f 00 00 10 37 04 55 a3 01 00 00 0c b7  .......7.U......
  0006b0  27 b2 f6 7f 00 00 00 00 1f 3c a3 01 00 00 10 37  '........<.....7
  0006c0  04 55 a3 01 00 00 1c 00 00 00 00 00 00 00 a0 a0  .U..............
  0006d0  94 a3 45 00 00 00 08 f2 5d b3 f6 7f 00 00 0d 00  ..E.....].......
  0006e0  00 00 00 00 00 00 00 94 94 a3 45 00 00 00 bb 8c  ..........E.....
  0006f0  9a 12 fa 7f 00 00 a0 94 94 a3 45 00 00 00 10 37  ..........E....7
  000700  04 55 a3 01 00 00 c0 94 94 a3 45 00 00 00 10 37  .U........E....7
  000710  04 55 a3 01 00 00 90 94 94 a3 45 00 00 00 63 8c  .U........E...c.
  000720  9a 12 fa 7f 00 00 a0 94 94 a3 45 00 00 00 10 2a  ..........E....*
  000730  06 13 a3 01 00 00 01 00 00 00 00 00 80 3f 01 00  .............?..
  000740  00 00 00 00 00 00 00 00 00 00 00 00 00 00 00 00  ................
  000750  00 00 00 00 00 00 00 00 00 00 00 00 00 00 00 00  ................
  000760  00 00 00 00 00 00 00 00 00 00 00 00 00 00 00 00  ................
  000770  00 00 00 00 00 00 00 00 00 00 00 00 00 00 00 00  ................
  000780  00 00 00 00 00 00 00 00 00 00 00 00 00 00 00 00  ................
  000790  00 00 00 00 00 00 00 00 00 00 00 00 00 00 00 00  ................
  0007a0  00 00 00 00 00 00 00 00 00 00 00 00 00 00 00 00  ................
  0007b0  00 00 00 00 00 00 00 00 00 00 00 00 00 00 00 00  ................
  0007c0  00 00 00 00 00 00 00 00 00 00 00 00 00 00 00 00  ................
  0007d0  00 00 00 00 00 00 00 00 00 00 00 00 00 00 00 00  ................
  0007e0  00 00 00 00 00 00 00 00 00 00 00 00 00 00 00 00  ................
  0007f0  00 00 00 00 00 00 00 00 00 00 00 00 00 00 00 00  ................
  000800  00 00 00 00 00 00 00 00 00 00 00 00 00 00 00 00  ................
  000810  00 00 00 00 00 00 00 00 00 00 00 00 00 00 00 00  ................
  000820  00 00 00 00 00 00 00 00 00 00 00 00 00 00 00 00  ................
  000830  00 00 00 00 00 00 00 00 00 00 00 00 00 00 00 00  ................
  000840  00 00 00 00 00 00 00 00 00 00 00 ff ff ff ff 76  ...............v
  000850  00 65 00 62 00 2e 00 64 00 64 00 00 00 80 3f 00  .e.b...d.d....?.
  000860  00 80 3f 00 00 00 00 00 00 00 00 00 00 80 3f 00  ..?...........?.
  000870  00 80 3f 00 00 80 3f 00 00 80 3f 00 00 80 3f 00  ..?...?...?...?.
  000880  00 80 3f 00 00 80 3f 00 00 80 3f 00 00 00 00 00  ..?...?...?.....
  000890  00 00 00 00 00 00 00 00 00 00 00 00 00 00 00 00  ................
  0008a0  00 00 00 00 00 00 00 00 00 00 00 00 00 00 00 0f  ................
  0008b0  80 c0 3e f7 ff 7f 3a 07 00 78 3d 07 00 78 3d 5c  ..>...:..x=..x=\
  0008c0  55 d5 40 00 00 00 00 00 00 00 00 00 00 00 00 00  U.@.............
  0008d0  00 80 3f 00 00 00 00 00 00 00 00 00 00 00 00 00  ..?.............
  0008e0  00 00 00 ed 02 00 00 00 00 00 00 00 00 80 bf 00  ................
  0008f0  00 00 00 00 00 00 00 00 00 00 00 00 00 00 00 00  ................
  000900  00 80 3f 00 00 00 00 00 00 00 00 00 00 00 00 00  ..?.............
  000910  00 00 00 00 00 80 3f 00 00 00 00 54 74 09 42 00  ......?....Tt.B.
  000920  00 00 c0 00 00 ba c2 00 00 80 3f 77 31 33 35 31  ..........?w1351
  000930  5f 66 62 67 66 5f 70 69 6e 67 66 65 6e 67 65 72  _fbgf_pingfenger
  000940  78 69 61 6f 5f 30 30 31 2e 6d 65 73 68 00 00 00  xiao_001.mesh...
  000950  00 00 00 a8 47 17 13 a3 01 00 00 1c 00 00 00 00  ....G...........
  000960  00 00 00 a9 7e 9a 12 fa 7f 00 00 1c 37 04 55 a3  ....~.......7.U.
  000970  01 00 00 10 37 04 55 a3 01 00 00 04 00 00 00 00  ....7.U.........
  000980  00 00 00 0c 01 00 00 a3 01 00 00 04 00 00 00 00  ................
  000990  00 00 00 d0 8d 9a 12 fa 7f 00 00 10 37 04 55 a3  ............7.U.
  0009a0  01 00 00 0c b7 27 b2 f6 7f 00 00 00 00 1f 3c a3  .....'........<.
  0009b0  01 00 00 10 37 04 55 a3 01 00 00 1c 00 00 00 00  ....7.U.........
  0009c0  00 00 00 a0 a0 94 a3 45 00 00 00 08 f2 5d b3 f6  .......E.....]..
  0009d0  7f 00 00 0d 00 00 00 00 00 00 00 00 94 94 a3 45  ...............E
  0009e0  00 00 00 bb 8c 9a 12 fa 7f 00 00 a0 94 94 a3 45  ...............E
  0009f0  00 00 00 10 37 04 55 a3 01 00 00 c0 94 94 a3 45  ....7.U........E
  000a00  00 00 00 10 37 04 55 a3 01 00 00 90 94 94 a3 45  ....7.U........E
  000a10  00 00 00 63 8c 9a 12 fa 7f 00 00 a0 94 94 a3 45  ...c...........E
  000a20  00 00 00 10 2a 06 13 a3 01 00 00 01 00 00 00 00  ....*...........
  000a30  00 80 3f 01 00 00 00 00 00 00 00 00 00 00 00 00  ..?.............
  000a40  00 00 00 00 00 00 00 00 00 00 00 00 00 00 00 00  ................
  000a50  00 00 00 00 00 00 00 00 00 00 00 00 00 00 00 00  ................
  000a60  00 00 00 00 00 00 00 00 00 00 00 00 00 00 00 00  ................
  000a70  00 00 00 00 00 00 00 00 00 00 00 00 00 00 00 00  ................
  000a80  00 00 00 00 00 00 00 00 00 00 00 00 00 00 00 00  ................
  000a90  00 00 00 00 00 00 00 00 00 00 00 00 00 00 00 00  ................
  000aa0  00 00 00 00 00 00 00 00 00 00 00 00 00 00 00 00  ................
  000ab0  00 00 00 00 00 00 00 00 00 00 00 00 00 00 00 00  ................
  000ac0  00 00 00 00 00 00 00 00 00 00 00 00 00 00 00 00  ................
  000ad0  00 00 00 00 00 00 00 00 00 00 00 00 00 00 00 00  ................
  000ae0  00 00 00 00 00 00 00 00 00 00 00 00 00 00 00 00  ................
  000af0  00 00 00 00 00 00 00 00 00 00 00 00 00 00 00 00  ................
  000b00  00 00 00 00 00 00 00 00 00 00 00 00 00 00 00 00  ................
  000b10  00 00 00 00 00 00 00 00 00 00 00 00 00 00 00 00  ................
  000b20  00 00 00 00 00 00 00 00 00 00 00 00 00 00 00 00  ................
  000b30  00 00 00 00 00 00 00 00 00 00 00 00 00 00 00 00  ................
  000b40  ff ff ff ff 67 00 20 00 82 00 74 00 2e 00 00 00  ....g. ...t.....
  000b50  00 00 80 3f 00 00 80 3f 00 00 00 00 00 00 00 00  ...?...?........
  000b60  00 00 80 3f 00 00 80 3f 00 00 80 3f 00 00 80 3f  ...?...?...?...?
  000b70  00 00 80 3f 00 00 80 3f 00 00 80 3f 00 00 80 3f  ...?...?...?...?
  000b80  00 00 00 00 00 00 00 00 00 00 00 00 00 00 00 00  ................
  000b90  00 00 00 00 00 00 00 00 00 00 00 00 00 00 00 00  ................
  000ba0  ff ff ff ff 00 00 80 3f 00 00 80 3f 00 00 00 00  .......?...?....
  000bb0  00 00 00 00 00 00 00 00 00 00 00 00 00 00 00 00  ................
  000bc0  00 00 00 00 00 00 00 00 00 00 00 00 00 00 00 00  ................
  000bd0  00 00 00 00 00 00 00 00 ed 02 00 00 00 00 00 00  ................
  000be0  00 20 37 b9 00 00 00 00 ff ff 7f 3f 00 00 00 00  . 7........?....
  000bf0  00 00 00 00 00 00 80 3f 00 00 00 00 00 00 00 00  .......?........
  000c00  ff ff 7f bf 00 00 00 00 00 20 37 b9 00 00 00 00  ......... 7.....
  000c10  c3 93 1c 42 43 ca ff bf 0a a8 b8 c2 00 00 80 3f  ...BC..........?
  000c20  77 31 33 35 31 5f 66 62 67 66 5f 70 69 6e 67 66  w1351_fbgf_pingf
  000c30  65 6e 67 7a 68 65 6e 67 5f 30 30 31 2e 6d 65 73  engzheng_001.mes
  000c40  68 00 00 00 00 00 00 00 a8 47 17 13 a3 01 00 00  h........G......
  000c50  1c 00 00 00 00 00 00 00 a9 7e 9a 12 fa 7f 00 00  .........~......
  000c60  1c 37 04 55 a3 01 00 00 10 37 04 55 a3 01 00 00  .7.U.....7.U....
  000c70  04 00 00 00 00 00 00 00 0c 01 00 00 a3 01 00 00  ................
  000c80  04 00 00 00 00 00 00 00 d0 8d 9a 12 fa 7f 00 00  ................
  000c90  10 37 04 55 a3 01 00 00 0c b7 27 b2 f6 7f 00 00  .7.U......'.....
  000ca0  00 00 1f 3c a3 01 00 00 10 37 04 55 a3 01 00 00  ...<.....7.U....
  000cb0  1c 00 00 00 00 00 00 00 a0 a0 94 a3 45 00 00 00  ............E...
  000cc0  08 f2 5d b3 f6 7f 00 00 0d 00 00 00 00 00 00 00  ..].............
  000cd0  00 94 94 a3 45 00 00 00 bb 8c 9a 12 fa 7f 00 00  ....E...........
  000ce0  a0 94 94 a3 45 00 00 00 10 37 04 55 a3 01 00 00  ....E....7.U....
  000cf0  c0 94 94 a3 45 00 00 00 10 37 04 55 a3 01 00 00  ....E....7.U....
  000d00  90 94 94 a3 45 00 00 00 63 8c 9a 12 fa 7f 00 00  ....E...c.......
  000d10  a0 94 94 a3 45 00 00 00 10 2a 06 13 a3 01 00 00  ....E....*......
  000d20  01 00 00 00 00 00 80 3f 01 00 00 00 00 00 00 00  .......?........
  000d30  00 00 00 00 00 00 00 00 00 00 00 00 00 00 00 00  ................
  000d40  00 00 00 00 00 00 00 00 00 00 00 00 00 00 00 00  ................
  000d50  00 00 00 00 00 00 00 00 00 00 00 00 00 00 00 00  ................
  000d60  00 00 00 00 00 00 00 00 00 00 00 00 00 00 00 00  ................
  000d70  00 00 00 00 00 00 00 00 00 00 00 00 00 00 00 00  ................
  000d80  00 00 00 00 00 00 00 00 00 00 00 00 00 00 00 00  ................
  000d90  00 00 00 00 00 00 00 00 00 00 00 00 00 00 00 00  ................
  000da0  00 00 00 00 00 00 00 00 00 00 00 00 00 00 00 00  ................
  000db0  00 00 00 00 00 00 00 00 00 00 00 00 00 00 00 00  ................
  000dc0  00 00 00 00 00 00 00 00 00 00 00 00 00 00 00 00  ................
  000dd0  00 00 00 00 00 00 00 00 00 00 00 00 00 00 00 00  ................
  000de0  00 00 00 00 00 00 00 00 00 00 00 00 00 00 00 00  ................
  000df0  00 00 00 00 00 00 00 00 00 00 00 00 00 00 00 00  ................
  000e00  00 00 00 00 00 00 00 00 00 00 00 00 00 00 00 00  ................
  000e10  00 00 00 00 00 00 00 00 00 00 00 00 00 00 00 00  ................
  000e20  00 00 00 00 00 00 00 00 00 00 00 00 00 00 00 00  ................
  000e30  00 00 00 00 00 ff ff ff ff 6d 00 69 00 6e 00 00  .........m.i.n..
  000e40  00 0a 00 2b 00 00 00 80 3f 00 00 80 3f 00 00 00  ...+....?...?...
  000e50  00 00 00 00 00 00 00 80 3f 00 00 80 3f 00 00 80  ........?...?...
  000e60  3f 00 00 80 3f 00 00 80 3f 00 00 80 3f 00 00 80  ?...?...?...?...
  000e70  3f 00 00 80 3f 00 00 00 00 00 00 00 00 00 00 00  ?...?...........
  000e80  00 00 00 00 00 00 00 00 00 00 00 00 00 00 00 00  ................
  000e90  00 00 00 00 00 03 00 00 00 05 00 c2 3d 1d 00 41  ............=..A
  000ea0  3e 0d 00 f0 3c 0d 00 f0 3c 5c 55 d5 40 00 00 00  >...<...<\U.@...
  000eb0  00 00 00 00 00 00 00 00 00 00 00 80 3f 00 00 00  ............?...
  000ec0  00 00 00 00 00 00 00 00 00 00 00 00 00 ed 02 00  ................
  000ed0  00 00 00 00 00 00 00 80 3f 00 00 00 00 00 00 00  ........?.......
  000ee0  00 00 00 00 00 00 00 00 00 00 00 80 3f 00 00 00  ............?...
  000ef0  00 00 00 00 00 00 00 00 00 00 00 00 00 00 00 80  ................
  000f00  3f 00 00 00 00 8e 46 10 42 00 00 00 c0 7a 67 a5  ?.....F.B....zg.
  000f10  c2 00 00 80 3f 77 31 33 35 31 5f 66 62 67 66 5f  ....?w1351_fbgf_
  000f20  73 68 75 6a 69 61 7a 61 69 5f 30 30 31 2e 6d 65  shujiazai_001.me
  000f30  73 68 00 65 73 68 00 00 00 00 00 00 00 a8 47 17  sh.esh........G.
  000f40  13 a3 01 00 00 1c 00 00 00 00 00 00 00 a9 7e 9a  ..............~.
  000f50  12 fa 7f 00 00 1c 37 04 55 a3 01 00 00 10 37 04  ......7.U.....7.
  000f60  55 a3 01 00 00 04 00 00 00 00 00 00 00 0c 01 00  U...............
  000f70  00 a3 01 00 00 04 00 00 00 00 00 00 00 d0 8d 9a  ................
  000f80  12 fa 7f 00 00 10 37 04 55 a3 01 00 00 0c b7 27  ......7.U......'
  000f90  b2 f6 7f 00 00 00 00 1f 3c a3 01 00 00 10 37 04  ........<.....7.
  000fa0  55 a3 01 00 00 1c 00 00 00 00 00 00 00 a0 a0 94  U...............
  000fb0  a3 45 00 00 00 08 f2 5d b3 f6 7f 00 00 0d 00 00  .E.....]........
  000fc0  00 00 00 00 00 00 94 94 a3 45 00 00 00 bb 8c 9a  .........E......
  000fd0  12 fa 7f 00 00 a0 94 94 a3 45 00 00 00 10 37 04  .........E....7.
  000fe0  55 a3 01 00 00 c0 94 94 a3 45 00 00 00 10 37 04  U........E....7.
  000ff0  55 a3 01 00 00 90 94 94 a3 45 00 00 00 63 8c 9a  U........E...c..
