== w1351_fb_sxzc_001.map  dir=mobile_maps/w1351_fb_sxzc_001  size=2301456
   +00 01 00 00 00 17 00 00 00 18 00 00 00 98 00 00 00  |................|
   +10 98 0a 23 00 10 00 00 00 98 10 23 00 af 01 00 00  |..#.......#.....|
   +20 00 00 00 00 00 00 e8 8d ba 02 00 00 09 a4 fd 63  |...............c|
   +30 cb 00 00 00 04 00 00 00 00 00 00 00 c7 b3 33 c8  |..............3.|
   +40 fd 7f 00 00 00 00 f8 8d ba 02 00 00 02 00 00 00  |................|
   +50 00 00 00 00 38 00 00 00 00 00 00 00 00 00 00 00  |....8...........|
   +60 00 00 00 00 88 03 00 00 00 00 00 00 dc e3 4b c7  |..............K.|
   +70 fd 7f 00 00 01 00 00 00 02 00 00 00 20 39 e1 88  |............ 9..|
   +80 fd 7f 00 00 20 0a 95 01 00 00 00 00 47 00 00 00  |.... .......G...|
   +90 fd 7f 00 00 00 00 00 00 00 05 08 00 00 05 08 00  |................|
   +a0 00 05 08 00 00 05 08 00 00 05 08 00 00 05 08 00  |................|
   printable runs: []
== w1351_fb_songliao_001.map  dir=mobile_maps/w1351_fb_songliao_001  size=1837400
   +00 01 00 00 00 15 00 00 00 15 00 00 00 98 00 00 00  |................|
   +10 d8 fe 1b 00 1c 00 00 00 58 09 1c 00 00 00 00 00  |........X.......|
   +20 00 00 00 00 00 00 b0 74 06 02 00 00 59 a4 af 25  |.......t....Y..%|
   +30 eb 00 00 00 04 00 00 00 00 00 00 00 c7 b3 c1 14  |................|
   +40 fd 7f 00 00 00 00 a6 74 06 02 00 00 05 00 00 00  |.......t........|
   +50 00 00 00 00 38 00 00 00 00 00 00 00 00 00 00 00  |....8...........|
   +60 00 00 00 00 88 03 00 00 00 00 00 00 dc e3 14 13  |................|
   +70 fd 7f 00 00 01 00 00 00 02 00 00 00 20 39 c2 b4  |............ 9..|
   +80 fc 7f 00 00 f8 0d fd 01 00 00 00 00 47 00 00 00  |............G...|
   +90 fd 7f 00 00 00 00 00 00 00 05 08 00 00 05 08 00  |................|
   +a0 00 05 08 00 00 05 08 00 00 05 08 00 00 05 08 00  |................|
   printable runs: []
== w1351_ll_dl_002.map  dir=mobile_maps/w1351_ll_dl_002  size=1765304
   +00 01 00 00 00 14 00 00 00 15 00 00 00 98 00 00 00  |................|
   +10 98 a9 1a 00 b7 00 00 00 38 ee 1a 00 00 00 00 00  |........8.......|
   +20 00 00 00 00 00 00 29 5c 03 02 00 00 a9 a2 2f c6  |......)\....../.|
   +30 bd 00 00 00 04 00 00 00 00 00 00 00 c7 b3 6f f3  |..............o.|
   +40 fa 7f 00 00 00 00 18 5c 03 02 00 00 02 00 00 00  |.......\........|
   +50 00 00 00 00 38 00 00 00 00 00 00 00 00 00 00 00  |....8...........|
   +60 00 00 00 00 88 03 00 00 00 00 00 00 6c e3 37 f2  |............l.7.|
   +70 fa 7f 00 00 01 00 00 00 02 00 00 00 20 39 22 66  |............ 9"f|
   +80 fa 7f 00 00 0a 13 18 00 00 00 00 00 47 00 00 00  |............G...|
   +90 fa 7f 00 00 00 00 00 00 00 05 08 00 00 05 08 00  |................|
   +a0 00 05 08 00 00 05 08 00 00 05 08 00 00 05 08 00  |................|
   printable runs: []
== w1351_ll_ml_001.map  dir=mobile_maps/w1351_ll_ml_001  size=1763096
   +00 01 00 00 00 14 00 00 00 15 00 00 00 98 00 00 00  |................|
   +10 98 a9 1a 00 a4 00 00 00 18 e7 1a 00 00 00 00 00  |................|
   +20 00 00 00 00 00 00 0e 8d 9b 02 00 00 29 a0 0f f2  |............)...|
   +30 f6 00 00 00 04 00 00 00 00 00 00 00 c7 b3 21 31  |..............!1|
   +40 f9 7f 00 00 00 00 07 8d 9b 02 00 00 06 00 00 00  |................|
   +50 00 00 00 00 38 00 00 00 00 00 00 00 00 00 00 00  |....8...........|
   +60 00 00 00 00 00 00 00 00 00 00 00 00 dc e8 2b 2f  |..............+/|
   +70 f9 7f 00 00 88 03 00 00 02 00 00 00 20 39 e2 f5  |............ 9..|
   +80 f8 7f 00 00 00 00 00 80 00 00 00 00 dc e8 2b 2f  |..............+/|
   +90 f9 7f 00 00 00 00 00 00 00 05 08 00 00 05 08 00  |................|
   +a0 00 05 08 00 00 05 08 00 00 05 08 00 00 05 08 00  |................|
   printable runs: []
== w1351_ll_qingyuan_001.map  dir=mobile_maps/w1351_ll_qingyuan_001  size=1762520
   +00 01 00 00 00 15 00 00 00 14 00 00 00 98 00 00 00  |................|
   +10 98 a9 1a 00 9e 00 00 00 d8 e4 1a 00 00 00 00 00  |................|
   +20 00 00 00 00 00 00 48 80 a7 01 00 00 49 a2 f9 32  |......H.....I..2|
   +30 04 00 00 00 04 00 00 00 00 00 00 00 c7 b3 21 31  |..............!1|
   +40 f9 7f 00 00 00 00 36 80 a7 01 00 00 06 00 00 00  |......6.........|
   +50 00 00 00 00 38 00 00 00 00 00 00 00 00 00 00 00  |....8...........|
   +60 00 00 00 00 00 00 00 00 00 00 00 00 dc e8 2b 2f  |..............+/|
   +70 f9 7f 00 00 88 03 00 00 02 00 00 00 20 39 8a f1  |............ 9..|
   +80 f8 7f 00 00 00 00 00 80 00 00 00 00 dc e8 2b 2f  |..............+/|
   +90 f9 7f 00 00 00 00 00 00 00 05 08 00 00 05 08 00  |................|
   +a0 00 05 08 00 00 05 08 00 00 05 08 00 00 05 08 00  |................|
   printable runs: []
