  000030  00 00 00 00 00 00 80 3f 00 00 00 00 a5 6c 6c 42  .......?.....llB
  000040  cb ca 13 c1 ec 71 b2 c2 00 00 80 3f 77 31 33 35  .....q.....?w135
  000050  31 5f 63 6a 5f 68 65 68 75 61 5f 30 30 31 2e 6d  1_cj_hehua_001.m
  000060  65 73 68 00 a1 5b bd 14 fa 7f 00 00 80 01 00 00  esh..[..........
  000070  00 00 00 00 a8 47 17 13 a3 01 00 00 1c 00 00 00  .....G..........
  000080  00 00 00 00 a9 7e 9a 12 fa 7f 00 00 1c 37 04 55  .....~.......7.U
  000090  a3 01 00 00 10 37 04 55 a3 01 00 00 04 00 00 00  .....7.U........
  0000a0  00 00 00 00 0c 01 00 00 a3 01 00 00 04 00 00 00  ................
  0000b0  00 00 00 00 d0 8d 9a 12 fa 7f 00 00 10 37 04 55  .............7.U
  0000c0  a3 01 00 00 0c b7 27 b2 f6 7f 00 00 00 00 1f 3c  ......'........<
  0000d0  a3 01 00 00 10 37 04 55 a3 01 00 00 1c 00 00 00  .....7.U........
  0000e0  00 00 00 00 a0 a0 94 a3 45 00 00 00 08 f2 5d b3  ........E.....].
  0000f0  f6 7f 00 00 0d 00 00 00 00 00 00 00 00 94 94 a3  ................
  000100  45 00 00 00 bb 8c 9a 12 fa 7f 00 00 a0 94 94 a3  E...............
  000110  45 00 00 00 10 37 04 55 a3 01 00 00 c0 94 94 a3  E....7.U........
  000120  45 00 00 00 10 37 04 55 a3 01 00 00 90 94 94 a3  E....7.U........
  000130  45 00 00 00 63 8c 9a 12 fa 7f 00 00 a0 94 94 a3  E...c...........
  000140  45 00 00 00 10 2a 06 13 a3 01 00 00 01 00 00 00  E....*..........
  000150  00 00 80 3f 01 00 00 00 00 00 00 00 00 00 00 00  ...?............
  000160  00 00 00 00 00 00 00 00 00 00 00 00 00 00 00 00  ................
  000170  00 00 00 00 00 00 00 00 00 00 00 00 00 00 00 00  ................
  000180  00 00 00 00 00 00 00 00 00 00 00 00 00 00 00 00  ................
  000190  00 00 00 00 00 00 00 00 00 00 00 00 00 00 00 00  ................
  0001a0  00 00 00 00 00 00 00 00 00 00 00 00 00 00 00 00  ................
  0001b0  00 00 00 00 00 00 00 00 00 00 00 00 00 00 00 00  ................
  0001c0  00 00 00 00 00 00 00 00 00 00 00 00 00 00 00 00  ................
  0001d0  00 00 00 00 00 00 00 00 00 00 00 00 00 00 00 00  ................
  0001e0  00 00 00 00 00 00 00 00 00 00 00 00 00 00 00 00  ................
  0001f0  00 00 00 00 00 00 00 00 00 00 00 00 00 00 00 00  ................
识别为：场景

（Scene 暂无专用预览器）
  前 16 字节  1c 00 00 00 ed 02 00 00 00 00 00 00 00 00 80 3f 
  头部可打印 ...............?
